0.7453291687381878,2.94799220196364,0.5088880818950123
0.9323287521697364,2.3567057995613556,0.8037867563065757
0.7715633122396243,1.7967344210494933,0.3635685800376936
1.0703024180754166,1.2952361292546464,0.24352578821065574
0.2507882162913906,8.761275189992446,0.5316793045354693
0.8356483068224984,2.629365199926069,0.7393898200031984
2.4805668218696617,0.16345663601295593,-1.0716896601047887
1.4725284284161801,0.5754033973378285,-0.02708139721752162
0.0,0.0,nan
2.01801521400652,0.20092272114399143,-0.6166859309156243
1.0638087143966044,0.7964757657280458,0.029596474294577013
0.5206250911606073,2.662749807216329,0.3255364809293082
0.8739725146723852,2.5140659922925206,0.465052635739551
0.7967832292826251,2.757619006758546,0.5999473115127618
0.8276648510013273,2.654727423398455,0.4290547055417971
0.9209384486251834,0.9200374483789728,0.18936337642729223
1.2163625210248048,1.1397049293757553,0.3017695645720526
1.5200977670757456,1.4454495131343306,0.7110804526844282
3.3941933878861383,0.6473480813374113,-1.0001867957480548
0.9615532575811456,1.441723950483212,0.4421279733054675
1.3830287519632447,1.5887049160888398,0.7674366437140263
0.0,0.0,nan
1.6448322480957795,0.842818082345359,0.1737445105537253
0.21705839153788892,6.386734699809587,0.339658560194382
0.5811317935599097,2.3855076877272516,0.23208481590327124
0.15408318383268807,14.259989459473307,0.45771389839369525
0.451213649361073,3.072367963785913,0.47370702299186934
405465.1081081643,-0.5757419274140027,nan
1.1384140170735868,1.9300751259057902,0.6688444276445589
0.34475280177628437,4.021125728281911,0.2156136853662019
0.84655704913525,1.6375675597243888,0.49901191665120903
0.6110806088545135,1.3865566148064905,0.24965780697000917
0.9585689226908599,0.4229900412063822,0.22499591355803342
0.10947518124169804,20.070526967068567,0.4866874032182587
0.761705082893147,1.1123699702369763,0.10818302650426573
1.3664852801354268,1.607938709093494,0.794169939477271
0.9013481648410548,2.437709048560255,0.5701382477129344
0.9377153082049592,1.4783744586335412,0.27563363131000185
0.8767433110205108,1.581186127905867,0.39601202818836767
0.7727523265275706,0.5247025394671495,0.2763814599128786
1.4285579697091049,1.538071694621981,0.6099687380182851
0.42234202997440323,3.282397352695183,0.49399946757226365
2.203588778868803,0.3845081571082232,-0.45033264972379405
1.5153118726439627,0.5591574089027707,0.13531684522716403
1.0316990998679587,2.129714543336744,0.4931077701158263
1.878171416834941,0.2158829084894958,-0.2820710736529647
0.40927719132235957,5.368548807318257,0.4065691233961499
0.9900711816064389,1.4001966594670097,0.43807330479920414
0.31316160211762006,4.426769922447944,0.42090494854788
2.9760286416137967,0.28470756246745776,-1.0048940764208472
0.4430872667121085,3.1287163167805985,0.17550330183811658
0.9455509268030359,2.3237506463720226,0.373596136697695
1.6836853165683794,0.8233690390229101,0.14238758858145528
0.9095423177460772,0.9315650782328405,0.4385981349076301
0.7482802781979337,1.8526405165434425,0.5252551835057461
0.5363037439888828,2.5849052456897033,0.2413108222945117
0.7530867872852083,1.8408162040889382,0.49343975787145977
0.6846790188611974,3.209130872727466,0.5470917125620937
0.8822384642949848,0.9603955105996166,0.42945068963812677
0.774686707879156,2.8362750451101926,0.6898973986743352
405465.1081081643,-0.11859221523251846,nan
7.6208136333150405,0.053204963094181795,-12.984481023833684
1.3504433981204815,0.6274219723436426,0.25630839638610614
1.7274002533625048,1.2719834752016326,0.8550134946877292
0.9351933492362768,0.4335628653040424,0.07202636308899402
2.551110000351014,0.5434083049845545,-0.6597495353213317
4.443134339182905,0.1906982314072957,-3.2622652433279575
0.9806784461675102,0.41345367555769297,0.03217462836997734
0.2282829997866019,6.072700824922546,0.7179975664127829
0.7788273113774323,1.779976563312981,0.1845641516467507
1.426156157021171,1.5406619860798332,0.19743547850611737
2.7285677722218638,0.3105284277755914,-1.2056394416291458
1.6051641733825999,0.863646463151816,0.316715666706163
0.9283342167468779,1.493313869198771,0.3561656383283487
2.5411767701712855,0.8646484585911424,-0.16708153011586924
2.4691966333815767,0.8898540309149499,0.18392722943695028
1.4629093671667301,1.5019553682889217,0.537752599362521
0.6273589988966528,2.20973057461197,0.32621457156427214
1.0799916831400047,0.3754335467929726,0.2756823977825732
0.48048517696183674,2.8851969375737876,0.41280693809149804
3.141553781101896,0.12906514940067262,-1.9543565756937513
0.7610009268754949,1.1133992488892557,0.41549327799408686
0.752202426681513,2.9210548908087177,0.4567847032106838
0.7362056125609168,2.984525708372553,0.5912757206963951
2.059962553208287,1.066633261810587,0.19105248869205627
2.2036356908988823,0.6290941678088401,-0.08208001455195169
2.6329239476008017,0.5265227514008232,-0.39539883974428514
1.8686884501345131,0.7418541924525202,0.17153675623751297
0.0,0.0,nan
0.4407222513302786,4.985508607074193,0.6048449590633007
1.9379581635922507,0.7153376100494444,0.18163568827727716
1.093745080486664,1.2674748310667203,0.3503992081974852
1.2750172399655255,0.664538355897143,0.343231477345299
1.7359956314174012,1.2656855452696245,0.7325080391962044
1.736621423680932,0.48790015419208416,0.20874417287915048
2.261425002855001,0.6130180569197402,-0.31055617938552094
1.8974109627618516,1.158011954425499,0.24712869899603884
0.7017889371165673,3.130890872067509,0.5563634563075813
0.6831667469335677,3.2162346706694747,0.4353476618064571
1.5896225598360065,0.5330182659678754,0.11096853801970785
0.8182588575515786,1.6942002501115685,0.42818670496449407
1.1581520451645293,1.8971814508379834,0.5604799324842227
1.0023285061600444,0.4045231734070053,0.2136601292320207
7.603500688711804,0.05332610921047456,-13.19473281168187
1.603387554779953,1.3703639963937253,0.5265223929166408
1.043612607261322,2.1054024856045377,0.5240850877202267
0.4427848096013967,1.9135657818748504,0.1630393048538329
1.293307686775551,0.6551402029471189,0.28648734283300326
0.30617004915673224,2.7674093619570908,0.4917663929227757
1.636548803579306,0.8470840332337891,0.43042630402272974
0.6910202594989651,2.0061558862616344,0.2883881943252319
0.965712806449653,2.2752360356637467,0.4915720618797168
1.9269250648874425,0.43971500284402426,-0.13223700286249596
1.8635609799420136,0.7438953573512934,0.4265544020989448
2197224.577336219,-6.525207594046081,nan
847297.8603872036,-2.0604446910303826,nan
405465.1081081643,-0.532613915343628,nan
0.912018835080603,1.5200282141074115,0.5380969895222733
1.0535054483424948,1.315887225169059,0.2712760950741104
1.1090209765244439,1.9812290514306523,0.624430647094858
0.690453795549787,2.0078017820381846,0.35915244806420676
0.8108405238223073,1.7097003916194156,0.23458618442322
0.9699352598387855,0.8735612524572354,0.3435731236987816
0.4484817200142931,4.899251138410266,0.5772505125950772
0.27535216904158655,5.034622991876698,0.4498412094776925
1.6201569446634612,0.5229727053160298,-0.0686552780194829
0.5577463815746811,3.9394689950884345,0.43856973416836603
0.7028420760177118,1.9724123077186915,0.3115509442176441
1.0849123082517729,0.7809828074976297,0.340521787060912
5.445442580831749,0.0744595323684843,-6.092599373999943
0.5856391461977926,1.4467917076380663,0.23666320033991473
1.6606920000452101,1.3230777153598638,0.6912295677040377
0.14717381515774544,14.929453143422057,0.4348122484698725
1.482345951695476,0.5715925215824835,0.3107935174343295
0.633347096163341,1.3378096552742138,0.23932968486262146
0.7905099936126534,1.7536708862901096,0.24683775915053757
0.6231957914836252,3.5257371878352175,0.5353959891818109
1.3072199182756494,0.6481678014093236,0.27161470493461287
0.3521954826472714,6.238650651680192,0.48406080947287616
0.699206787868766,3.1424531561450118,0.2836936070532966
2.199681448551161,0.3851911652686271,-0.563993737594602
1.3475591764305221,1.6305217728221264,0.46857183536360436
0.35831355116549307,6.132128048713946,0.41377841794764636
1.0162721900825737,1.3640975071917023,0.34371089592980497
2.9669497920905075,0.467245642246986,-0.9756822782134138
0.3609386151155283,3.840803679806244,0.4953548557943046
4.606672635538135,0.18392838550122526,-3.88726182DEBUG: 1.1.245077714578105,0.6805180515774557,0.33119105712843677
0.7642214846843224,2.875114899764731,0.3998611812237839
0.0,0.0,nan
0.7603764239506162,2.8896537400782454,0.5829597501403861
0.8722165563273717,1.589392394656137,0.4518740214009234
2.7910744657417115,0.14527204955831025,-1.5758531684502102
0.7805716025953325,0.5194463989722763,0.2157532879775177
4.550481057209641,0.08910378990936746,-4.110023534509118
0.6835279094057097,2.0281459499220715,0.24897106941300096
1.4508125675074273,0.9555296060755923,0.3022986776682496
2.8938655461474965,0.47904587791420256,-0.6195784314411781
405465.1081081643,-0.0623956427344502,nan
0.4851233257410866,4.529208266742656,0.42075165974333245
1.4004217270351158,1.5689734991387518,0.6011944513227501
3.985017164539804,0.10174739313951937,-3.2497267511822647
1.041843496528113,2.1089775812378266,0.5674789578572972
0.5237366204210013,2.6469303597780303,0.24565926543409078
0.27143435439156083,5.1072914636298234,0.3640521733176137
2.406149614496125,0.35213847687714844,-0.6747137437871261
0.2618169091316916,5.294900034216648,0.1698943034253136
1.3764818122103022,0.6155532553144635,0.08517825138847135
0.9480456361410615,2.3176358748718404,0.5947938419250498
0.7374624301152968,2.9794393417339236,0.47683971329346814
0.18767574676503204,11.707557397318475,0.40215930288301294
1.7895441216374262,1.2278124639507448,0.5534492683651341
1.2361086209972878,0.6854558296855876,0.33855684086787247
0.7278460631010776,1.9046532383694066,0.3110772557211633
1.114820166446289,1.9709228837690569,0.5586078282290947
1.2597840263537645,0.3218528728941861,0.12197654872833508
0.9151271132666622,1.5148653569790294,0.84512723121358
0.5038001367792474,2.7516752376892075,0.3945022093924858
3.3029813439938023,0.12275731101099584,-2.1818260764623347
2.9778361181877884,0.28453475166485676,-1.4625487443406318
2.648436155433521,0.8296309400656695,-0.1495394915811139
6.9836428212047075,0.058059256249050235,-11.36049483670182
0.5739668501087986,3.828138466393527,0.5237274590259662
7.344120892521899,0.05520948171223955,-12.36626112437442
2.8229626322759986,0.14363105748277658,-1.333524765960365
0.7040410288772158,1.9690533708393572,0.4939463672906726
0.5877738369374824,2.358550643123201,0.38312043158277803
1.2032086832319548,0.70419859181141,0.2200654264675549
0.9885793820573452,0.857086315743184,0.18149591083112324
0.27287799677252683,5.080271687407308,0.16748113208391197
2.068174214255171,0.19604978406240683,-0.46500914872297616
0.7539168163790895,2.9144124784071623,0.7704660218466441
0.47186259064077335,4.6564924215595545,0.5152266506096612
1.5832594486038083,0.8755951921476859,-0.06849254781248593
0.4154623848523787,5.288624572154548,0.61741491273479
0.9125271513553613,0.9285179724556426,0.4595839188956325
0.8138766106528982,0.49818990102553373,0.35364115290656795
405465.1081081643,-0.45923049590579773,nan
1.4369443735910485,0.9647515844022696,0.14136314652294868
1.0786755104490255,2.0369652931321025,0.4751631119337961
1.0979462029877778,1.2626250333098723,0.5114470706451644
405465.1081081643,-0.3798872978678712,nan
1.3972106087956675,1.5725793688541543,0.49434605579359475
0.2707772270170466,5.119685936633872,0.6055591334286848
0.0,0.0,nan
0.5599023514454856,1.5132957705924188,0.35975959284663017
0.0,0.0,nan
2.2784356733033095,0.17795767194968246,-0.7408523953822419
0.31594793197032595,6.954388223508247,0.4171383232914907
0.3291376358882983,6.675701401956678,0.3620306233774373
1.2011227380216942,1.8293089521851464,0.7555857337668093
1.09805562803679,1.2624992083492546,0.6106424409522015
0.6934609528274843,1.2218393219293342,0.26881527003702155
2.382623653525577,0.3556154825935073,-0.6460645232799405
405465.1081081643,-0.35984357898214964,nan
0.583134973660353,3.7679519778143042,0.5983729210588454
1.3542743797196404,1.0236436440648602,0.3116353503603276
2.076656481868879,0.4080106015534553,-0.21855725451906338
2.2602040911191152,0.37487670415093943,-0.3705341295546112
0.6510643428200569,1.3014041849030922,0.46070820356931697
0.0,0.0,nan
0.9277458289712364,0.9132866286521164,0.345424853751765
7.472022686714865,0.054264437503525595,-12.667482804711007
0.7104551259636886,3.092700013045609,0.7266722283531943
0.6503088427516592,3.378740119908378,0.7400207878749775
0.7502637559892151,1.1293333226127256,0.2612101971589532
1.251652982794522,0.32394370778623993,0.17357217333493147
0.4965520330864973,1.706362684934587,0.2073584996369085
0.4777160988598626,4.5994359046726885,0.6114847137178526
1.6789994437964972,1.3086511645101735,0.4580943697226052
1.4310218220535547,0.9687443893277051,0.344427100407066
1.4949269852013496,0.9273324883711112,0.22539203732432966
405465.1081081643,-0.0947994652975348,nan
0.5821151992049439,2.3814776920673073,0.5739775086163004
0.5950649044303602,2.329652363630743,0.27184472838790463
2.272511313818381,0.37284648715941204,-0.45930165891261454
1.5671342958378778,0.540667039600579,-0.24345460814118663
0.7012392593093559,1.9769206340290177,0.4928859515600537
405465.1081081643,-0.3448891267395075,nan
1.4464195128461468,0.5857898437224202,-0.03201973305682432
1.9983818687178483,0.202896710811487,-0.43910071042021925
0.8682920848207093,0.9758212417220861,0.4534189512646598
0.0,0.0,nan
3.2469300938463426,0.42695540743153915,-0.989287237995554
0.9561565810614516,2.2979756881420297,0.6029389805218605
0.0,0.0,nan
0.674517377092911,3.257476607653896,0.6329354357400226
0.6714992832673141,3.272117531749526,0.40464099563385225
0.5374044386039275,1.576648422533165,0.35879114370370474
1.5795677575151053,0.8776415918369578,0.20375858824147797
2.932334278756757,0.28894995585102207,-1.0375914166302105
0.7249881993071642,0.5592713212375697,0.252799932303147
1.6435573494647642,1.3368712555432039,0.31375988534220056
0.555991765205949,2.49337211065776,0.4210352244284958
1.0495735806013498,1.3208167457165012,0.45614474134710803
1.0195329725398694,2.1551285113050094,0.5306459030769278
847297.8603872036,-1.7088247406567516,nan
2.3108934504372445,0.5998954044625423,-0.3041919271611294
1.23895947868004,0.683878589225449,0.1513343270020827
0.0,0.0,nan
1.3157881578279595,1.6698923487526238,0.5461675541696369
0.7733377907039679,2.841222301235389,0.36808955010739475
1.0899756012079338,2.01584748768799,0.3400768395119924
0.42244346456468457,3.281609203135444,0.64278264877972
0.0,0.0,nan
1.850978221105607,0.7489522811845101,-0.0850900327463443
2.005544917075567,0.6912307719047992,-0.061785541741036565
1.6069199812218937,1.3673515812937127,0.24128895626689306
0.7158299982444843,1.1836579389870967,0.49782654068394006
0.3640909535923707,2.327159881417493,0.14731555089548964
0.0,0.0,nan
0.24606059641621061,3.443452030629082,0.4029129474927278
0.36243279548784546,2.3378068180797906,0.27287558324268396
6.878854569680343,0.05894369534941425,-10.64762596694301
0.7846882676479371,2.800124161308398,0.3730391141240699
1.6326889181060436,1.3457704973492748,0.5665458718165031
2.62234084602058,0.5286476634887497,-0.5294823819741208
1.3581631464728166,1.0207126917853218,0.5298606959865353
0.7752686640055105,1.7881470327427513,0.5512621830461841
0.5768035780740998,3.8093116285314554,0.670192397231052
0.6428233161673157,2.156571372341234,0.6032291770426129
0.9373395398434807,2.344107427392978,0.4376438810966632
1.1283699432461636,1.947255499393319,0.42744305773089686
0.5520612788025048,2.5111240623992863,0.5475273438768719
0.32521163629350763,4.262745260039658,0.462123132934435
1.06753994629169,1.298587810166221,0.1564725871332694
0.511211783757733,2.7117809196997418,0.2244596146877484
1.1629667629452833,1.8893270619115683,0.5013948427881718
1.8526981420125053,1.1859592922943563,0.23294782447712714
0.616589744001784,3.5635113926414292,0.5916486419830909
2.4298818828804,0.570519238357614,-0.5747358974114525
1.920901232510174,1.1438508863180616,0.5314684561979246
2.727960267300618,0.5081798212888424,-0.6355694444811613
0.15217852842339494,5.567788499241036,0.22206707896259317
0.8506900871398116,1.6296115143187888,0.4085795108859913
1.8768390684567005,0.7386325148590508,0.266996657695744
2.1053953802163172,0.6584484672790805,-0.18449299819193143
0.5159907251784692,4.258263705372322,0.3150069973151862
1.825263581316999,0.4642057558480649,-0.47152873615209046
0.39933509596497174,3.4715064494143326,0.537870130697697
0.5273700448636796,1.6066476824754472,0.29061177273805766
0.7877828391731496,1.7597417615429831,0.5619808657646501
1.0609314919192512,2.0710334211697177,0.36529361614054157
1.9796663307130102,0.7002666760618157,-0.3160100975073571
0.8874950361569824,0.9547071542576281,0.1871849888139951
0.32386997137526674,2.6161667807276987,0.3758649964698708
0.9517032151979238,1.4566456632507918,0.5688286065783916
1.8918947508669275,1.1613883786766575,-0.08996181340942533
0.32327845951745143,2.620953656027503,0.31261873962199954
0.7318108041282015,1.8943343734469302,0.5030402481008219
0.7171582485345558,3.0637932169448483,0.5116422519995613
0.0,0.0,nan
0.9367755693201829,2.345518659213907,0.44449350702525897
1.3864708820327807,0.611118395176777,0.019080254377397188
0.8862773716595583,2.4791613185631793,0.5654799093507106
0.6614980225067207,1.2808773897409422,0.18604693844768772
0.8923089860323634,2.4624032837617618,0.34572028631983476
1.5789067812856858,0.2568011695902646,-0.20224926449562547
0.0,0.0,nan
1.8750053686703148,0.7393548756092363,0.339976243314708
0.40160357325023005,3.451897476659458,0.35612255809930793
1.1717347992874005,1.8751893164498303,0.28187860568475614
1.4057821077480932,1.562990854148748,0.25257263332886914
1.8207842588893306,1.2067462504736919,0.47410108663400286
0.339991343866008,6.462589759938579,0.5424002068524294
0.8588157066270927,1.6141930689232669,0.46544486566992416
1.2526123847676176,1.10672254080984,0.14588591894725667
0.38281429788168636,1.0591691855602487,0.3816013212342144
0.9374875725800943,0.9037963650604174,0.21244128554488773
0.29630509426666096,4.678604546273139,0.4437593370947952
1.6295750310442418,0.8507091325715421,0.43471607963610215
0.38091896226373007,3.639341955783464,0.44030078122140165
0.6076274496380684,0.6672922830423123,0.354622284114077
0.621842245858266,1.362560787773053,0.5321884806507865
0.2774515213600644,4.9965282378856335,0.20650937127724195
0.34235417389584627,6.417986824383443,0.505174899431547
0.7133462756072737,3.080165485501016,0.6231306657097272
0.5342039031079371,1.586094477142008,0.45779020805767556
1.0171269251436688,1.3629511979776538,0.43773410513935396
2.06273205305102,0.1965670274568305,-0.3997283629254187
0.912315742912727,2.408403663320768,0.4628206037245459
0.912531115015449,2.4078352411019113,0.4285662770481221
0.7701630381620911,1.100153887427766,0.48270405026494356
0.771886536546948,2.846564194739752,0.5590024926425426
1.4827902738880498,0.5714212423079154,-0.13376648582351325
0.0,0.0,nan
0.6212210140311685,1.363923372277764,0.45569120961637216
1.9770348099992823,1.1113737432559507,0.47069271638772914
1.7456728553075886,0.48537035894844627,-0.21253039407837682
0.4036485545723543,3.434409328155779,0.3716165642730898
0.47535093036133647,1.7824680804624338,0.23835372122170248
1.9812937104179658,0.4276487912579407,0.10345011508588542
0.41523568377838727,3.33857232236274,0.37464289900448294
0.0,0.0,nan
0.24957464474782468,5.554628205604103,0.49583904438198556
2.427511225775832,0.34903972899915525,-0.38023583937736194
1.2912498644600854,0.6561842782779203,-0.06286576335322608
2.3321367022211064,0.3633139770838667,-0.4612072056410095
405465.1081081643,-0.058837100389578116,nan
0.5694220091217931,1.4879963310409658,0.2999909494746892
1.5653360033776949,0.8856209517499971,0.14446815177917627
0.43929463870139895,5.0017104325048125,0.3858818229340637
0.6865040288292236,2.0193535695400104,0.5646364152787836
1.2230249691988682,0.33152643512565455,0.1482396627634172
1.8111346011229918,1.213175749595769,0.6812711111797356
0.5676166547697095,3.870965657672019,0.6001955303088158
2.6741635703853635,0.31684593634079855,-0.9346946730272007
0.9303295475791737,0.4358295500376526,0.007706984508630221
0.9436508073777873,1.469075584190003,0.5741495183435232
1.8396467824095508,0.4605763826452713,-0.23586294872667957
0.9982685517459593,2.201035556507616,0.5890985405106566
0.8582632172069664,2.5600824237657718,0.5304639479058912
0.701736848010241,1.9755188359435552,0.554278294673983
0.811127463690414,1.7090955776699022,0.403150449895362
3.1836070033638415,0.12736028903056953,-1.6429762628015063
4.050455421662597,0.1001035848807669,-3.1322903477080506
0.0,0.0,nan
0.0,0.0,nan
2.1863768546284876,0.6340601155675205,-0.1715524364270835
0.4781807097118017,4.594966991998655,0.4526357259496465
0.4450741122821514,1.9037230811799393,0.3617758930157753
0.0,0.0,nan
2.341154663603672,0.17319022720354726,-0.9426710203194388
0.2595675415974856,3.2642673855620905,0.3227382362214177
1.1288511232199263,1.2280577417203036,0.19605265809259315
0.7162273365014872,1.1830012863317234,0.2957118640329859
0.862938371430955,1.6064813050566848,0.18689089459792815
0.8332810079259718,0.48658868287105556,0.1456317484245487
0.24513123049979757,5.65531514810813,0.350491696788101
0.30447306193161594,7.216482677964174,0.40544759409006514
1.0365701930108602,2.1197065014517538,0.3120497159014122
0.39766313789659086,5.525341345336339,0.5930552865355704
1.5758446604432919,0.5376785425975013,-0.11275890436704666
2.016434252784991,0.2010802522066651,-0.4436728652304548
1.1645162611638307,1.1904465462203273,0.8354897209705676
0.9631691316266876,1.4393052223118807,0.36732424171377676
0.7140973992093146,1.9413239183546493,0.2826485510930023
0.595122900115428,3.692051804610532,0.35055691927151
4.008599249062169,0.21137005915106946,-2.78947078264593
1.0351080714589387,1.3392749987602461,0.21697739010615902
0.9594571380126604,0.8831013151272454,0.11098089851604404
0.8149176968012182,2.6962533590336126,0.5538452389852452
0.33324618654806887,4.159970667571092,0.5019666523741498
1.2146925838142295,1.8088729663901981,0.14013539257006724
0.6657584444927283,3.300333019448796,0.6349775134320794
1.308871878642992,0.30978212208863487,0.19789865147915708
0.9645339931297829,1.437268536924813,0.2549340832887461
0.9501261944445119,1.459063405709368,0.6814892052938952
0.386955759580267,5.678232001817368,0.3265461824109498
0.43650428373310607,3.1759009310605517,0.5047804687835122
3.031002178163928,0.279543797919824,-1.3563885926631478
0.9484050802871952,0.4275231296582486,0.13740487824216893
0.7369499157475953,2.98151140312874,0.26487835587280006
0.0,0.0,nan
0.4422722520177657,1.9157834490443415,0.23499125035821178
0.9506214141173597,0.8913094611632635,0.28035973726682684
1.3716456209816947,1.601889397469627,0.28796598968209963
1.0534206172718943,1.3159931924534183,0.6355826749142907
0.6562593712921171,3.348103925754351,0.7493713069039468
2.3503373184049683,0.17251358132003317,-0.7752247549928432
0.0,0.0,nan
2.095205392760797,1.0486917344370683,0.26700846444349813
0.8533596769879501,2.574793063918399,0.5365089099728927
6.549910390824574,0.06190391683467288,-9.641579741051286
1.5537202832617916,1.414169977058864,0.5805718832529916
1.8454184328242444,0.751208688751577,0.37524134540275333
0.5413492737857746,0.7489898439738498,0.4081474061973306
0.0,0.0,nan
0.5561261964071935,1.523571207148845,0.4495478092033126
0.3815942273108989,3.6329018153370165,0.5908579042453982
0.6601933484065727,3.328153157918645,0.523429833659072
0.9965170491677922,1.3911396320590883,0.31536926076077254
1.2588962976734748,1.7453578832480792,0.3981409953599406
2.2886912206697367,0.9600353938060936,0.16669499311393565
1.385013718312542,1.0009246426879506,0.06956141617348094
405465.1081081643,-0.9156117434155626,nan
0.6808424078299895,3.227214627154776,0.7354776874281562
3.006351308433163,0.134869503431215,-1.2835385416827454
0.8321007276639447,2.640575238414644,0.46485265839436296
0.3256904376158367,6.746358884284846,0.25512687796397304
0.5102212964288243,4.306414868832767,0.6313619764255529
1.3806160381355692,1.591481278388904,0.5311420230469043
0.3012495622835729,4.601813694304861,0.3014304214433409
2.4013567251559396,0.16884834471306384,-0.8714187895635266
1.0669229822571877,1.2993387378225179,0.5863059461277162
0.0,0.0,nan
1.7603049449469284,0.7875307997624732,0.4635345472594914
0.0,0.0,nan
2.986743779070215,0.2836861555800982,-1.259778312665238
2.851505309744843,0.2971405515155856,-0.8562657529409059
2.4239718563912485,0.3495493803499189,-0.5508416342261456
0.38346522186935283,2.2095820222149873,0.3748521271Warning1.838185548684473,0.22057898801257678,-0.36000485242337654
0.38699537457623534,5.677650746451963,0.30688886375380897
0.8675058391013819,2.5328066720706404,0.4732982470112529
1.1861041049892775,1.8524719441520545,0.631395505291144
1.4916564213609613,0.9293657314564837,0.17915501957247643
1.0692289458448971,2.0549617421739255,0.2703403991616625
0.9496066522303621,0.4269821690442452,0.2659422437444527
0.8295842490850035,2.6485852157386858,0.7033646492299427
847297.8603872036,-1.62060095941184,nan
1.974185984061341,0.7022106186104989,-0.1260393030104633
0.7921547569765458,2.7737314684853622,0.5326859297147127
1.389127620008203,0.9979604041792104,0.46755233227703846
0.5897213209103411,3.725869320689317,0.6843932718431113
1.2895537811286684,0.314422798057546,-0.06985342481708812
1.1939054297054097,1.8403673546223622,0.8215990683263106
0.5783209398848207,2.3971021374325256,0.54628387747903
1.1324312777806653,1.9402718915026191,0.43839703109048844
2.2447831733706853,0.18062551114873712,-0.6243890864222437
0.37192959112759516,3.7273032159581647,0.4657668035991034
3.7017010365324734,0.22889419000214564,-2.233104679194618
2.065811506434587,0.1962740099206641,-0.15107679788828232
1.3693256010243255,1.6046034454424742,0.6271887417575165
0.7023420966524726,3.128425005148784,0.6481098649026061
2.2681005707627144,0.9687509476695468,0.3125658279412833
1.0871063567380668,1.2752150261355817,0.5024167311037948
405465.1081081643,-0.3400616028724114,nan
1.2602659724567356,0.6723167005259209,0.332334818960999
1.1335441127051957,0.7474767420961964,0.659186511297245
1.9414694394871617,1.1317327652175744,0.9427320271013067
0.5280935526390191,4.160672983709277,0.4638337336205569
1.5295828877856528,0.9063218294281534,0.2756317412965489
2.1150162778670176,0.655453282145876,-0.2453945011837898
0.8658319370101816,2.5377033156382423,0.5971535325371529
0.5275606701630905,4.164875627777499,0.2881487370605517
0.815428513906849,2.6945643178565875,0.41952604994711173
1.6386263642097645,0.5170781325710068,-0.1325446985223524
405465.1081081643,-0.14179189177176948,nan
0.9170699448032831,1.5116560835686956,0.7600595455193819
2.9767565865309864,0.2846379392325848,-1.093289415921181
1.0915380619239778,0.7762421576886936,-0.0258640064573194
1.9604802695527495,0.7071197719506509,0.3224866870577119
0.5606359236401646,1.5113156768224298,0.31678933004498216
2.607986825088481,0.5315572716027268,-0.3614026379378339
1.8466796706155804,1.189824425047029,0.2642469158525875
0.40893113911231066,5.373091866043403,0.2718237120388667
3.2024795563686546,0.26457557198209525,-1.461815603719825
0.538414904736988,4.0809133588334605,0.5922532948052274
0.8235650317400245,0.49232919378752565,0.12929662267319988
1.974679731976242,0.20533208577695702,-0.6406100860222443
6.194784191088116,0.06545266075474764,-8.96429980863701
2.494396676975354,0.5557633931748491,-0.01142671175352894
0.8810737213413588,1.573414718361339,0.3127197075089675
0.7862832935362933,1.077598706919612,0.21382835379761805
0.0,0.0,nan
0.5002192697034603,2.7713733658075848,0.1007992410380765
0.5211914085610048,1.6256942199537971,0.27656746173164326
0.5813789914363392,2.3844933882026758,0.41403777888553805
847297.8603872036,-1.6216717955785138,nan
1.4767722008152468,0.5737498714557707,0.06405296182159803
1.2835467188799285,1.0800497876147614,0.3467285461798871
0.9903989774113955,0.8555116470352027,0.3233741894510652
0.7000794056308876,3.138536228409913,0.3591868235802715
1.2488048769936646,0.3246825149212011,0.13708050592551846
0.8500002621374089,2.5849692937871374,0.6597463322245031
1.723798513056703,1.2746411838121499,0.5329879446489717
0.0,0.0,nan
1.0478042841655462,2.0969799518295082,0.2861587935527391
1.4020086079410343,0.9887916188729959,0.4835492807787879
1.3548555234017148,1.0232045684393276,0.3352588469992845
0.8687127322305677,0.46674244898778405,0.14360679797609832
6.225482928285597,0.06512990442330602,-8.38548119700112
1.1385531533180462,1.9298392621661304,0.6015234504660835
1.0984250461466347,2.000340929082293,0.3257063889030386
1.7170644258627379,1.279640148756926,0.686912556585818
0.592275003112106,1.4305818343422922,0.3670825867097843
2.3953493464190747,0.3537262160335279,-0.38816726024426695
2.020563051800401,0.41933750081801596,-0.4012809327932736
1.7980959559391598,0.7709790773628753,0.33255144516236135
0.7988967466994557,1.7352609919206663,0.8975450334871935
1.2763604328597031,0.31767289056408154,0.19487871311246063
1.5377960895680016,0.9014812630388007,0.07344664451185512
0.5415116953137283,2.5600450980412015,0.41210970082737947
1.7086645363850166,0.8113320851457728,0.5144980782122142
1.272709940261126,1.0892461174896304,0.6453982073759101
2.500978078271457,0.5543008845875306,-0.47799030135232945
0.730839395305077,3.006439706796353,0.555133665771558
0.6581263569383878,3.3386059594357174,0.6175301451805079
4.032572975289536,0.10054749426550727,-3.0926507610861855
0.4971787865256437,1.7042116102906197,0.21217093345423477
1.6389951702947563,1.3405924661395259,0.39500516879453096
1.1152999375766264,1.9700750473549271,0.452442179461925
1.009790282371921,2.1759216895760822,0.8875377332748682
1.444394933111326,1.5212076191677346,0.17057919143537975
0.0,0.0,nan
1.6650539816387808,0.2435146923639659,-0.2269785695406088
1.9980338391273034,0.6938292705419811,-0.20749464690846642
1.2955493687473127,1.0700436390628023,0.3471488325329136
1.927484344669695,0.7192247060027117,0.4090098831650699
0.32898877080447897,4.213804494694374,0.23450327524784495
0.0,0.0,nan
2.5164245466919466,0.336707039955181,-0.23860224350682135
0.6330171075571442,2.1899792984579745,0.9033676021950514
0.7023398310087824,3.1284350969819115,0.5925790824136049
405465.1081081643,-0.09780311780509664,nan
5.608398479619836,0.15107661544845105,-6.49292201822105
0.6430767319568329,3.416737798380972,0.3677168932950017
0.6539355383085792,1.2956901877190536,0.5671464208657311
0.6015335978209208,3.652704662375888,0.5965860915451517
0.5326471524379348,2.6026504690296357,0.4865429795116691
0.8228675854121053,0.4927464822971497,0.11642151688948585
6.988893774276731,0.05801563469179,-11.138528383946849
0.5775105715930605,3.804648235746031,0.5973153618001612
1.0205365333804106,0.8302474557972228,0.42772384780935696
1.3188327780071762,1.6660372823432081,0.37863507816090863
0.6670661629902465,2.078196194071023,0.33691679151974496
405465.1081081643,-1.8366020029308527,nan
1.007941843028313,1.3753713775338823,0.36350576629179426
0.8175509706124676,1.0363853641473277,0.09421331541265449
0.4197092098389204,5.2351116578535155,0.5036514178391169
3.3549392137481933,0.12085617123750267,-1.8795454519176722
1.2740162351561108,1.0881292740747703,0.3740165216578966
0.28391093243623994,2.9843791259341086,0.3563060469047143
0.19599432195985034,11.210654244291442,0.5593535676281978
1.8327709336452847,0.7563925942248683,-0.09528698321859219
0.6911869431556215,3.1789150519897946,0.38007146984884366
1.2863859938234747,1.07766593213555,0.6301844695714305
0.6569760954787608,2.1101138544617077,0.5087793909069939
0.7520330218284068,2.921712894992483,0.5687536528439046
0.0,0.0,nan
0.0,0.0,nan
1.6769963703765491,0.8266531672985167,-0.05226044545291075
2.4151834824476213,0.9097547218687851,-0.19767183514031228
0.999022602459433,2.1993742403094845,0.16884091762771897
2.055585591444103,0.19725041360273124,-0.6125459158283422
0.279243976504365,7.8684761792950395,0.45129301673716565
0.0,0.0,nan
1.1193375949725357,0.7569636400964385,0.410221099738834
1.6365808601210858,0.24775134427404036,-0.3333632138206305
0.8469301071604752,1.0004342190974427,0.22396684108094114
1.1852970925217066,1.85373320427341,0.7130466923433904
2.3468388295914804,0.1727707514447187,-0.8138720511950834
1.2713515875060026,1.0904099029280878,0.6932296756211906
0.8459912784357002,1.638662710191588,0.763739135272504
0.0,0.0,nan
0.9275094879618029,2.368951052096091,0.38897345751431855
0.0,0.0,nan
0.658771189903207,3.335337991418624,0.5094057774649464
0.18785433332163481,7.379624076844407,0.5066181291781519
0.9357291371644794,0.9054947919595115,0.2164518701053523
1.2913699926640156,0.6561232374923633,-0.05955302671776069
1.144293312614693,0.740455135974832,0.379243552137056
0.7783480636582705,0.5209303228718271,0.42457008069807944
0.45989583348808016,4.777657063494941,0.6155390358075449
0.45868064253757546,4.790314597059154,0.39752110482460506
0.41469242106461374,5.298444017123398,0.4671328650900932
0.3119689844473597,4.443692899714549,0.6246676680351716
1.4287578506732557,0.2837885425561105,-0.1351083520145267
1.3754202308927646,1.0079060420829116,0.11217048992922174
2.106507163861848,0.6581009478165765,-0.3514632400404647
0.3834144038894436,3.615655403284287,0.2554927215809465
0.5341993695760672,4.113117129059709,0.5850159893751532
0.0,0.0,nan
405465.1081081643,-0.1682478545295524,nan
1.0863164152493276,0.7799733562828787,0.23727670828760317
0.5113243944947471,2.7111836948239567,0.3627580403982247
0.5853385849339813,1.4475346102166968,0.5077507556264738
0.5752169507586823,3.819818895180663,0.6357663212238749
0.6666032455436044,3.296150434347822,0.7094968964108291
1.5773205991965111,0.25705941348557076,-0.18688965887250464
847297.8603872036,-0.8788177434197197,nan
0.6406586742822415,3.429633696598065,0.7166759292360485
0.6824982131779025,3.219385098614878,0.36358336130888474
1.1893238196942428,1.8474569675238597,0.512800974283913
0.4452279372347378,4.9350554931097586,0.8008247388298799
0.7042390689671372,3.119998128701876,0.6055512922115869
0.4513398574656111,4.868226328767413,0.4712780020460266
847297.8603872036,-0.4747137730803686,nan
0.17782004041130062,12.3564507816667,0.5790563264556112
0.33311286677592017,2.543575901429132,0.46368429874805694
1.9494548316241593,0.7111189952346422,0.06931334882568474
0.3791978612052724,3.655860179995698,0.3675128309450203
0.7609318284449494,1.821837790584921,0.5141451870437952
1.6048453285234363,0.8638180493040866,0.15717297090604243
1.6250620649662961,0.8530716401583361,0.18649305446100128
1.0863000064390587,1.2761616062805958,0.5263425615580211
0.6597720188192083,0.6145533556179356,0.34766071302088897
0.5150488893154693,2.691578197484046,0.5692829031218497
0.29676685905693434,7.403874490293692,0.22858502054270732
1.0786607379515774,2.0369931898224483,0.6376455437142634
0.5824067143073633,1.454821586998471,0.2642498454649503
0.8641274787149014,1.6042706605992172,0.1752374507736306
2.1518232955467265,1.021098982376226,0.1850910369611739
1.5863002666458037,0.5341346012497342,-0.1802476607008549
4.268184339648081,0.09499709380911966,-3.4319964229527553
0.21642972599762916,6.4052863105092905,0.5080573432925304
0.608555003915602,3.610560365453742,0.3377276012664804
1.5685954030601905,0.8837807113391722,-0.12335630391190633
1.5915930390728839,1.380519092126792,0.22601292259339079
1.8336640732073393,0.462079108582391,-0.22964868059256727
1.925480609794607,1.1411304617451328,0.24524206000902227
4.906693551536891,0.0826350991455668,-4.910985931953022
0.5546479367891973,3.961476157390466,0.5820742236410387
0.0,0.0,nan
1.2681121445669783,1.7326737124550644,0.5491609881611124
0.0,0.0,nan
1.9010709361265177,0.7292175871903561,0.39366680708167334
0.0,0.0,nan
0.0,0.0,nan
0.24708857046446855,5.6105159316514825,0.3585284657488637
0.5212883486076095,2.659361876824527,0.3943712632834782
0.3796980886569901,3.6510438227995268,0.5425084357764585
2.929079789171662,0.4732866500410124,-0.4891857451930748
0.3126008705741831,4.434710493843331,0.4922441468887246
0.22145094161217316,9.921947323142193,0.46258690401731106
0.6998734331316402,1.9807786601025912,0.41356661535734257
0.9185875760253054,1.509158622761191,0.3789206455711581
0.8243891697441728,2.665275889078055,0.6132348347068692
1.368247932857495,1.0131894431038584,0.43931581412728793
0.41029579788891807,2.065090270840643,0.5244724928243133
1.1790571841173652,0.34388926471932985,-0.04101273464985816
0.7215977634044859,3.0449437190184065,0.36353252481743803
1.2525903647634362,1.7541445624573255,0.27583980381261614
0.9304470715915912,2.3614718605946297,0.4769881904836355
0.13302799741924995,10.421072165364235,0.5679693730119172
2.0767022006309834,0.19524470479444192,-0.42493970753234445
0.9860375322531632,2.2283376701852426,0.42526500878858825
1.8304906671532988,0.2215062416782088,-0.27147696831497403
0.48275315593486084,4.551445289013702,0.8054895312430238
0.7653564613527921,0.5297728948305886,0.2919283421722767
1.3254670110568,0.3059035832094269,-0.034815719728973515
0.44535903496672374,3.112756792333789,0.5236779900615797
2.6354195113295855,0.3215039794403497,-0.5824705460145299
0.6877500909066891,1.2319850939898473,0.2523715707426188
0.9811330734397715,0.8635911715998393,0.1330366015723493
10.25081475847386,0.039554427395440496,-24.707794773787693
1.5630049439512164,1.4057694352403776,0.9445161907835251
2.261390701670225,0.6130273552889366,-0.2962649285782103
3.4637335479635705,0.11706013251121725,-2.402204873645713
0.55806995028501,3.937184892707594,0.8914223391851585
1.0773431923316277,0.37635649530642223,-0.061981580812671744
0.6746558776938268,1.2558963590201244,0.27520442444890525
1.8740051063373782,0.21636286194578175,-0.34464263381848725
0.3896090513587427,3.558167748632267,0.48461777341662055
0.9066100727650209,0.4472320794667085,0.2857871316148109
0.3992488777386556,5.503395750994449,0.17443717758434038
405465.1081081643,-0.5744674965858572,nan
0.7156164014886952,0.5665956052218424,0.10196295945578082
1.2866321457254464,0.6585393215941052,0.2824679648057581
1.0353695522400452,2.1221645668278297,0.4375852313869173
0.6182593041841173,2.242253940600711,0.5059022027807614
1.43063045168166,1.5358435679552696,0.32980994249499607
0.7749611513329329,2.835270611380963,0.45996008502553926
1.06001416504681,2.072825675154247,0.25746245982291266
0.6084709944648776,1.3925032879050596,0.24892253294115924
0.701070478132692,3.134099417776867,0.2395931986137334
1.0189397789685029,2.156383156971772,0.3947769767949918
1.635963710879265,0.847386987804768,0.2675856221433204
0.7222904253745595,3.042023679320961,0.4004961611895541
1.0328182751554,2.127406757016979,0.5454935596509847
1.8988588352689841,0.7300670989181323,0.29604062471686954
0.0,0.0,nan
0.4645024294683721,2.9844717124655715,0.4971164444030296
0.9733463118235925,2.2573924107439782,0.4906995972121028
1.2851455975014674,1.0787060733157963,0.3963155845193107
1.4545648773829045,0.9530646468063714,0.06993393114049984
0.26146417651876236,8.403539661115103,0.4332949960179861
1.6592429861891111,0.8354980992289027,0.2690200787488666
1.5238649266801108,1.441876204948879,0.6494735486176322
0.8111008005726957,1.7091517603497208,0.4254178385129776
0.9574461862052192,2.2948804945840227,0.2755489216882562
1.8918456333388336,1.1614185315206909,0.6272638271367375
0.5589213406165496,3.931187481430656,0.4452847943858697
0.9664032150238421,2.273610583220185,0.3429256105649211
0.7536123374814221,2.915589976511478,0.5360663115668023
1.464360786881074,0.9466890765851113,0.289891200898317
1.4138308400677406,0.2867847387518702,-0.19126479151407566
0.9359371461325855,1.481183182918041,0.30694663525163324
0.4651786040372067,0.8716331847363591,0.270814986340599
0.38931529054314384,5.643817827629669,0.3610720243831201
4.439208688514512,0.19086686836313926,-3.708471142511775
0.41826235681520496,3.3144134023334497,0.5804928752671188
0.2689018785247672,3.1509555271074947,0.350282427470348
2.1327335047442615,0.19011522405692408,-0.2600341775429651
1.2507925677913891,1.756665840456672,0.34753175575388623
2.3166157845469493,0.3657481167309347,-0.29810287096066934
1.7067423497466527,0.8122458327266978,0.009120245426728069
0.6151044662007347,0.6591808877808469,0.06794990796435069
0.21137303275683703,6.558520465165867,0.1835447744881522
0.43495918707650694,5.051564934412432,0.4400758858456869
0.0,0.0,nan
0.5213711225886568,0.7776899995822394,0.2778347594841839
0.8513784856434226,2.580784709018909,0.7504412270418781
3.282863579849649,0.25809718856060676,-1.6905444281509086
0.0,0.0,nan
0.0,0.0,nan
0.6109316437611014,1.38689470260691,0.5138404105172919
1.4025324088286184,0.9884223369053629,0.020415306936126476
0.6533589703592327,2.121795864159747,0.5397973186737436
2.0496053674300536,1.072023235424711,-0.08086083991554471
0.21653330638629237,10.147282254196968,0.3449492434118663
1.8120708830477257,1.2125489117957147,0.25636736106470015
0.787189636322056,1.7610678509399587,0.4090665093040704
0.9501103180964401,0.8917889262425621,0.08780797569783591
1.2879827270454196,1.7059425807491722,0.5596073119115238
1.277812590450954,0.3173118743219388,-0.15957636963765248
0.0,0.0,nan
0.5948421448248505,3.693794389742149,0.6990122188627311
0.9755580465736903,1.4210270377952081,0.3726020994000976
1.2315780622105155,1.7840725202529992,0.2687920867842569
0.33660317448584604,6.527640687561643,0.6311035993211541
0.6713233560057181,3.2729750241514077,0.33641123835274106
3.179186619772562,0.26651403699220994,-1.3000053705626864
0.7888409208398818,0.5140011089643576,0.3688424451543456
2.282710158711392,0.37118065872432526,-0.074920152118507
1.8455098330717319,0.7511714845823896,0.24081048421475204
1.960329356956056,0.707174208354707,0.042713949542855234
2.0896930783229566,0.19403093799476165,-0.584213316573847
1.5935435393531583,0.5317067525692668,0.01815587071978142
1.5537031077071604,1.414185610131604,0.36458413156756275
1.8364923594899807,0.7548598576826554,-0.23447608295868116
0.5604691446080017,1.5117653996453506,0.21764945324189128
1.3674213319460318,0.2965180509003254,0.15516677134310186
1.9911456128812062,0.42553284647080913,-0.14470825313831026
0.5162384389429587,1.641291690952182,0.36451641884805297
0.0,0.0,nan
1.3130703222332025,0.3087916170541194,0.06098378947648336
1.5175912251544408,0.5583175800854914,-0.13443476713306485
0.7409985222248621,1.8708463236303303,0.18990320119244752
2.7341586969789473,0.148296113373439,-1.1759970156017885
0.9601538341500697,0.8824605289809975,0.2943984730634754
7.632642364606891,0.053122508397397857,-13.487872306750996
0.6315607714540938,0.6420048971291058,0.15726211845215982
1.165075966170156,1.8859067057738286,0.5153875085425877
847297.8603872036,-0.7580543792239217,nan
1.1173220751759225,1.2407294117961631,0.644798757473909
0.23308343667140985,9.426772698712883,0.590549007197518
0.9057366684545985,2.425897784490944,0.4230902864369983
1.7854959458609139,1.2305962287003582,0.19617910728221377
0.43658354013621625,5.0327700779802065,0.5649159410810896
0.5408470397380708,4.062561899941845,0.524780166406674
1.6202531569512864,1.3560995501904027,0.2842245939792516
1.099542202029177,1.260792317531351,0.4163047323359312
0.7524397629981169,1.1260673638659418,0.3306890891940544
1.1415719632729902,0.742220278393947,0.4126218643794971
0.8168531932018916,2.6898647096225017,0.5753153478367519
0.32585162605048196,6.743021675134494,0.21199618924793642
0.5853385849339813,1.4475346102166968,0.5077507556264738
DEBUG: 0.5752169507586823,3.819818895180663,0.6357663212238749
Warning: R_obs out of bounds: 1.0
DEBUG: 0.6666032455436044,3.296150434347822,0.7094968964108291
DEBUG: 1.5773205991965111,0.25705941348557076,-0.18688965887250464
DEBUG: 847297.8603872036,-0.8788177434197197,nan
DEBUG: 0.6406586742822415,3.429633696598065,0.7166759292360485
DEBUG: 0.6824982131779025,3.219385098614878,0.36358336130888474
DEBUG: 1.1893238196942428,1.8474569675238597,0.512800974283913
Warning: R_obs out of bounds: 1.0
DEBUG: 0.4452279372347378,4.9350554931097586,0.8008247388298799
DEBUG: 0.7042390689671372,3.119998128701876,0.6055512922115869
Warning: R_obs out of bounds: 1.0
Warning: R_obs out of bounds: 1.0
Warning: R_obs out of bounds: 1.0
DEBUG: 0.4513398574656111,4.868226328767413,0.4712780020460266
DEBUG: 847297.8603872036,-0.4747137730803686,nan
DEBUG: 0.17782004041130062,12.3564507816667,0.5790563264556112
DEBUG: 0.33311286677592017,2.543575901429132,0.46368429874805694
DEBUG: 1.9494548316241593,0.7111189952346422,0.06931334882568474
DEBUG: 0.3791978612052724,3.655860179995698,0.3675128309450203
DEBUG: 0.7609318284449494,1.821837790584921,0.5141451870437952
DEBUG: 1.6048453285234363,0.8638180493040866,0.15717297090604243
DEBUG: 1.6250620649662961,0.8530716401583361,0.18649305446100128
Warning: R_obs out of bounds: 1.0
DEBUG: 1.0863000064390587,1.2761616062805958,0.5263425615580211
DEBUG: 0.6597720188192083,0.6145533556179356,0.34766071302088897
DEBUG: 0.5150488893154693,2.691578197484046,0.5692829031218497
DEBUG: 0.29676685905693434,7.403874490293692,0.22858502054270732
DEBUG: 1.0786607379515774,2.0369931898224483,0.6376455437142634
DEBUG: 0.5824067143073633,1.454821586998471,0.2642498454649503
Warning: R_obs out of bounds: 1.0
DEBUG: 0.8641274787149014,1.6042706605992172,0.1752374507736306
DEBUG: 2.1518232955467265,1.021098982376226,0.1850910369611739
DEBUG: 1.5863002666458037,0.5341346012497342,-0.1802476607008549
DEBUG: 4.268184339648081,0.09499709380911966,-3.4319964229527553
DEBUG: 0.21642972599762916,6.4052863105092905,0.5080573432925304
DEBUG: 0.608555003915602,3.610560365453742,0.3377276012664804
DEBUG: 1.5685954030601905,0.8837807113391722,-0.12335630391190633
DEBUG: 1.5915930390728839,1.380519092126792,0.22601292259339079
Warning: R_obs out of bounds: 1.0
Warning: R_obs out of bounds: 1.0
DEBUG: 1.8336640732073393,0.462079108582391,-0.22964868059256727
DEBUG: 1.925480609794607,1.1411304617451328,0.24524206000902227
DEBUG: 4.906693551536891,0.0826350991455668,-4.910985931953022
DEBUG: 0.5546479367891973,3.961476157390466,0.5820742236410387
DEBUG: 0.0,0.0,nan
DEBUG: 1.2681121445669783,1.7326737124550644,0.5491609881611124
DEBUG: 0.0,0.0,nan
DEBUG: 1.9010709361265177,0.7292175871903561,0.39366680708167334
DEBUG: 0.0,0.0,nan
Warning: R_obs out of bounds: 1.0
DEBUG: 0.0,0.0,nan
DEBUG: 0.24708857046446855,5.6105159316514825,0.3585284657488637
DEBUG: 0.5212883486076095,2.659361876824527,0.3943712632834782
DEBUG: 0.3796980886569901,3.6510438227995268,0.5425084357764585
DEBUG: 2.929079789171662,0.4732866500410124,-0.4891857451930748
DEBUG: 0.3126008705741831,4.434710493843331,0.4922441468887246
DEBUG: 0.22145094161217316,9.921947323142193,0.46258690401731106
DEBUG: 0.6998734331316402,1.9807786601025912,0.41356661535734257
Warning: R_obs out of bounds: 1.0
DEBUG: 0.9185875760253054,1.509158622761191,0.3789206455711581
DEBUG: 0.8243891697441728,2.665275889078055,0.6132348347068692
DEBUG: 1.368247932857495,1.0131894431038584,0.43931581412728793
DEBUG: 0.41029579788891807,2.065090270840643,0.5244724928243133
DEBUG: 1.1790571841173652,0.34388926471932985,-0.04101273464985816
Warning: R_obs out of bounds: 1.0
DEBUG: 0.7215977634044859,3.0449437190184065,0.36353252481743803
DEBUG: 1.2525903647634362,1.7541445624573255,0.27583980381261614
Warning: R_obs out of bounds: 1.0
DEBUG: 0.9304470715915912,2.3614718605946297,0.4769881904836355
DEBUG: 0.13302799741924995,10.421072165364235,0.5679693730119172
DEBUG: 2.0767022006309834,0.19524470479444192,-0.42493970753234445
DEBUG: 0.9860375322531632,2.2283376701852426,0.42526500878858825
DEBUG: 1.8304906671532988,0.2215062416782088,-0.27147696831497403
DEBUG: 0.48275315593486084,4.551445289013702,0.8054895312430238
Warning: R_obs out of bounds: 1.0
DEBUG: 0.7653564613527921,0.5297728948305886,0.2919283421722767
DEBUG: 1.3254670110568,0.3059035832094269,-0.034815719728973515
DEBUG: 0.44535903496672374,3.112756792333789,0.5236779900615797
DEBUG: 2.6354195113295855,0.3215039794403497,-0.5824705460145299
DEBUG: 0.6877500909066891,1.2319850939898473,0.2523715707426188
DEBUG: 0.9811330734397715,0.8635911715998393,0.1330366015723493
DEBUG: 10.25081475847386,0.039554427395440496,-24.707794773787693
DEBUG: 1.5630049439512164,1.4057694352403776,0.9445161907835251
Warning: R_obs out of bounds: 1.0
DEBUG: 2.261390701670225,0.6130273552889366,-0.2962649285782103
DEBUG: 3.4637335479635705,0.11706013251121725,-2.402204873645713
DEBUG: 0.55806995028501,3.937184892707594,0.8914223391851585
Warning: R_obs out of bounds: 1.0
Warning: R_obs out of bounds: 1.0
DEBUG: 1.0773431923316277,0.37635649530642223,-0.061981580812671744
DEBUG: 0.6746558776938268,1.2558963590201244,0.27520442444890525
DEBUG: 1.8740051063373782,0.21636286194578175,-0.34464263381848725
DEBUG: 0.3896090513587427,3.558167748632267,0.48461777341662055
DEBUG: 0.9066100727650209,0.4472320794667085,0.2857871316148109
DEBUG: 0.3992488777386556,5.503395750994449,0.17443717758434038
DEBUG: 405465.1081081643,-0.5744674965858572,nan
DEBUG: 0.7156164014886952,0.5665956052218424,0.10196295945578082
DEBUG: 1.2866321457254464,0.6585393215941052,0.2824679648057581
DEBUG: 1.0353695522400452,2.1221645668278297,0.4375852313869173
DEBUG: 0.6182593041841173,2.242253940600711,0.5059022027807614
DEBUG: 1.43063045168166,1.5358435679552696,0.32980994249499607
DEBUG: 0.7749611513329329,2.835270611380963,0.45996008502553926
DEBUG: 1.06001416504681,2.072825675154247,0.25746245982291266
DEBUG: 0.6084709944648776,1.3925032879050596,0.24892253294115924
DEBUG: 0.701070478132692,3.134099417776867,0.2395931986137334
DEBUG: 1.0189397789685029,2.156383156971772,0.3947769767949918
DEBUG: 1.635963710879265,0.847386987804768,0.2675856221433204
DEBUG: 0.7222904253745595,3.042023679320961,0.4004961611895541
Warning: R_obs out of bounds: 1.0
DEBUG: 1.0328182751554,2.127406757016979,0.5454935596509847
DEBUG: 1.8988588352689841,0.7300670989181323,0.29604062471686954
DEBUG: 0.0,0.0,nan
DEBUG: 0.4645024294683721,2.9844717124655715,0.4971164444030296
DEBUG: 0.9733463118235925,2.2573924107439782,0.4906995972121028
DEBUG: 1.2851455975014674,1.0787060733157963,0.3963155845193107
DEBUG: 1.4545648773829045,0.9530646468063714,0.06993393114049984
Warning: R_obs out of bounds: 1.0
DEBUG: 0.26146417651876236,8.403539661115103,0.4332949960179861
DEBUG: 1.6592429861891111,0.8354980992289027,0.2690200787488666
Warning: R_obs out of bounds: 1.0
DEBUG: 1.5238649266801108,1.441876204948879,0.6494735486176322
DEBUG: 0.8111008005726957,1.7091517603497208,0.4254178385129776
DEBUG: 0.9574461862052192,2.2948804945840227,0.2755489216882562
DEBUG: 1.8918456333388336,1.1614185315206909,0.6272638271367375
DEBUG: 0.5589213406165496,3.931187481430656,0.4452847943858697
DEBUG: 0.9664032150238421,2.273610583220185,0.3429256105649211
DEBUG: 0.7536123374814221,2.915589976511478,0.5360663115668023
DEBUG: 1.464360786881074,0.9466890765851113,0.289891200898317
DEBUG: 1.4138308400677406,0.2867847387518702,-0.19126479151407566
DEBUG: 0.9359371461325855,1.481183182918041,0.30694663525163324
DEBUG: 0.4651786040372067,0.8716331847363591,0.270814986340599
Warning: R_obs out of bounds: 1.0
DEBUG: 0.38931529054314384,5.643817827629669,0.3610720243831201
DEBUG: 4.439208688514512,0.19086686836313926,-3.708471142511775
Warning: R_obs out of bounds: 1.0
DEBUG: 0.41826235681520496,3.3144134023334497,0.5804928752671188
DEBUG: 0.2689018785247672,3.1509555271074947,0.350282427470348
DEBUG: 2.1327335047442615,0.19011522405692408,-0.2600341775429651
DEBUG: 1.2507925677913891,1.756665840456672,0.34753175575388623
DEBUG: 2.3166157845469493,0.3657481167309347,-0.29810287096066934
DEBUG: 1.7067423497466527,0.8122458327266978,0.009120245426728069
DEBUG: 0.6151044662007347,0.6591808877808469,0.06794990796435069
DEBUG: 0.21137303275683703,6.558520465165867,0.1835447744881522
DEBUG: 0.43495918707650694,5.051564934412432,0.4400758858456869
Warning: R_obs out of bounds: 1.0
Warning: R_obs out of bounds: 1.0
DEBUG: 0.0,0.0,nan
DEBUG: 0.5213711225886568,0.7776899995822394,0.2778347594841839
DEBUG: 0.8513784856434226,2.580784709018909,0.7504412270418781
DEBUG: 3.282863579849649,0.25809718856060676,-1.6905444281509086
Warning: R_obs out of bounds: 1.0
DEBUG: 0.0,0.0,nan
DEBUG: 0.0,0.0,nan
DEBUG: 0.6109316437611014,1.38689470260691,0.5138404105172919
DEBUG: 1.4025324088286184,0.9884223369053629,0.020415306936126476
DEBUG: 0.6533589703592327,2.121795864159747,0.5397973186737436
DEBUG: 2.0496053674300536,1.072023235424711,-0.08086083991554471
Warning: R_obs out of bounds: 1.0
DEBUG: 0.21653330638629237,10.147282254196968,0.3449492434118663
DEBUG: 1.8120708830477257,1.2125489117957147,0.25636736106470015
DEBUG: 0.787189636322056,1.7610678509399587,0.4090665093040704
DEBUG: 0.9501103180964401,0.8917889262425621,0.08780797569783591
Warning: R_obs out of bounds: 1.0
Warning: R_obs out of bounds: 1.0
DEBUG: 1.2879827270454196,1.7059425807491722,0.5596073119115238
DEBUG: 1.277812590450954,0.3173118743219388,-0.15957636963765248
DEBUG: 0.0,0.0,nan
DEBUG: 0.5948421448248505,3.693794389742149,0.6990122188627311
DEBUG: 0.9755580465736903,1.4210270377952081,0.3726020994000976
DEBUG: 1.2315780622105155,1.7840725202529992,0.2687920867842569
DEBUG: 0.33660317448584604,6.527640687561643,0.6311035993211541
DEBUG: 0.6713233560057181,3.2729750241514077,0.33641123835274106
DEBUG: 3.179186619772562,0.26651403699220994,-1.3000053705626864
DEBUG: 0.7888409208398818,0.5140011089643576,0.3688424451543456
DEBUG: 2.282710158711392,0.37118065872432526,-0.074920152118507
DEBUG: 1.8455098330717319,0.7511714845823896,0.24081048421475204
Warning: R_obs out of bounds: 1.0
Warning: R_obs out of bounds: 1.0
DEBUG: 1.960329356956056,0.707174208354707,0.042713949542855234
DEBUG: 2.0896930783229566,0.19403093799476165,-0.584213316573847
DEBUG: 1.5935435393531583,0.5317067525692668,0.01815587071978142
DEBUG: 1.5537031077071604,1.414185610131604,0.36458413156756275
DEBUG: 1.8364923594899807,0.7548598576826554,-0.23447608295868116
Warning: R_obs out of bounds: 1.0
DEBUG: 0.5604691446080017,1.5117653996453506,0.21764945324189128
DEBUG: 1.3674213319460318,0.2965180509003254,0.15516677134310186
Warning: R_obs out of bounds: 1.0
Warning: R_obs out of bounds: 1.0
DEBUG: 1.9911456128812062,0.42553284647080913,-0.14470825313831026
DEBUG: 0.5162384389429587,1.641291690952182,0.36451641884805297
DEBUG: 0.0,0.0,nan
DEBUG: 1.3130703222332025,0.3087916170541194,0.06098378947648336
DEBUG: 1.5175912251544408,0.5583175800854914,-0.13443476713306485
DEBUG: 0.7409985222248621,1.8708463236303303,0.18990320119244752
DEBUG: 2.7341586969789473,0.148296113373439,-1.1759970156017885
DEBUG: 0.9601538341500697,0.8824605289809975,0.2943984730634754
DEBUG: 7.632642364606891,0.053122508397397857,-13.487872306750996
Warning: R_obs out of bounds: 1.0
Warning: R_obs out of bounds: 1.0
Warning: R_obs out of bounds: 1.0
DEBUG: 0.6315607714540938,0.6420048971291058,0.15726211845215982
DEBUG: 1.165075966170156,1.8859067057738286,0.5153875085425877
DEBUG: 847297.8603872036,-0.7580543792239217,nan
DEBUG: 1.1173220751759225,1.2407294117961631,0.644798757473909
DEBUG: 0.23308343667140985,9.426772698712883,0.590549007197518
Warning: R_obs out of bounds: 1.0
DEBUG: 0.9057366684545985,2.425897784490944,0.4230902864369983
DEBUG: 1.7854959458609139,1.2305962287003582,0.19617910728221377
DEBUG: 0.43658354013621625,5.0327700779802065,0.5649159410810896
Warning: R_obs out of bounds: 1.0
DEBUG: 0.5408470397380708,4.062561899941845,0.524780166406674
Warning: R_obs out of bounds: 1.0
DEBUG: 1.6202531569512864,1.3560995501904027,0.2842245939792516
DEBUG: 1.099542202029177,1.260792317531351,0.4163047323359312
DEBUG: 0.7524397629981169,1.1260673638659418,0.3306890891940544
Warning: R_obs out of bounds: 1.0
DEBUG: 1.1415719632729902,0.742220278393947,0.4126218643794971
DEBUG: 0.8168531932018916,2.6898647096225017,0.5753153478367519
DEBUG: 0.32585162605048196,6.743021675134494,0.21199618924793642
