0.6834807387979257,3.6757518995994563,0.773949966530777
1.2823006001187895,0.8567509744332465,0.4877128438705505
1.2660430242959644,0.9768725101871479,0.2503848779092496
1.0589032573568569,2.780649656811987,0.44756838639118846
0.9662105671613449,1.7952619380723975,0.6133548080948392
0.49018117246668924,1.4910558577042468,0.2616435027623834
0.9700166265780968,1.1325705751494761,0.3176449744225354
0.33502383548155573,2.181598534600475,0.43516078031133976
0.7192409271219149,3.054921507496165,0.28668007670210344
0.6113721919092262,3.593922992268601,0.4737132278035625
0.9874703282998138,1.9706011343203618,0.3358166235536657
0.990563710250384,2.2181557375858527,0.4289359629689703
0.5920186258661163,1.8557056157833767,0.5087846758970314
1.0033050189276698,1.0949933150362432,0.3473611444577752
0.9315836787451072,3.932616821995699,0.5304451748221937
1.350231445073434,1.8606481378749702,0.6884605376154441
1.228048137619829,1.5845552706320014,0.5927738025962841
0.6770442078161896,2.047568452865718,0.5660711559177944
0.6467937229297535,1.9121438308751935,0.49439460032197174
0.9021221047670559,0.9392274681108618,0.2500496952263507
1.6251437352336993,0.676009306038476,0.15143970840156973
0.9355409555877627,3.1473116827008036,0.7103056591011028
0.9420335966985378,1.166213490175212,0.29908505451711964
0.4455488216342723,2.1757448569437217,0.22562166070175185
1.2848944437469938,2.851254952465987,0.47994706961762
1.813347229189417,0.6058477223687598,0.19756831660535168
0.6193349986802139,2.5036489391289813,0.3446560035427342
0.5792999522530938,1.4626237359277778,0.36669722668820504
1.4379586484261775,1.0783324083124854,0.45530406963367814
1.102738311998064,1.9925167679674096,0.6690788955460819
0.4864510451327725,3.1875713454124552,0.3801992462277062
1.4045163806362808,1.3854663255502706,0.26976369490644314
0.41060877472658597,4.224461731347883,0.4108838495479118
1.7846564985504103,0.3468674273783437,-0.022550342761257114
1.47872395022802,1.6989686435989058,0.5565753577035963
0.7551918011813011,2.9094920971059715,0.6014038876866226
1.6983641766585225,0.6468649679302554,-0.04153702394931347
1.8738029115983763,0.21638620881547121,-0.32460581295560176
0.582480833210389,3.34072820616307,0.49898879974440297
0.9612360896258505,1.2866377370728164,0.20418341099969403
1.0539967365736556,1.4711595952866667,0.21412137091681693
1.2283737055771335,2.045229080181055,0.4929174338634909
0.907510911467098,1.3628074456422294,0.5720910639143139
1.1869729086412872,3.0864745264685762,0.48670100049301945
0.692491955873034,2.5048681658709975,0.6036838460087995
1.2338419884592509,1.4058534817364854,0.46489193902891096
0.9668388122126154,0.5283462117092339,0.33893719276203904
0.6949533806869618,0.8907636477633982,0.13415720487786756
0.7610025649104386,3.869157759688979,0.7040714780589077
1.5267122300040634,0.13143976416670045,-0.2784528921515784
2.332214812402218,0.4710596480332452,-0.44673923024307294
0.9526177798360288,3.0908923195547082,0.4917622996910123
0.5593743596142078,1.1066635389458426,0.3057483074071349
1.0447620100614459,1.8625391527596489,0.4808869329431153
2.1475831707948205,0.3403302458699614,-0.5436070031092213
1.96664716355661,0.10203695872890882,-0.3986037055253323
1.48382405069932,0.8334968196303639,0.055878935610507774
0.35151423521985914,3.1253706922593576,0.19539758672822266
1.2543382760633743,1.382881387333561,0.21628584374259313
0.7308020349976327,1.3264885848207082,0.3984669609116095
0.9069700507133153,4.039341368822842,0.6286261714808743
0.8133491152893811,3.6201416142425367,0.6630763873622147
1.6106047576137636,0.6821116623893434,0.0889513413214903
0.42925838509708986,4.533190769506311,0.2967806980899012
1.7115455229174734,0.6418831833321224,0.18138465141844562
0.2581009746161084,8.513042543153139,0.5385294714043526
0.7439417396531786,3.95788920317755,0.5580323662916812
2.0435642210659997,0.7587710708706364,-0.10260176122398668
0.4506731264556385,2.4377142194127486,0.24327364741033958
0.261648389364328,5.29831031823998,0.32867312370587026
0.50080355909752,5.0165490606805,0.3691292887175314
1.3823940864391029,0.14516171432638095,-0.2644777432998222
1.3133944692894428,1.4815885056285234,0.47261053780201007
0.703642520736077,1.5613216317837881,0.3589230249116102
0.6738605178938135,5.436676506260227,0.6549449557158538
1.5456252071147432,1.0032169540672187,0.5195387274397958
0.44903523619925906,3.4531753577643296,0.4395235002662106
1.1190160269408986,3.273913472128615,0.7679600978503439
2.3936349838852293,0.1262852832232115,-1.0030844671162464
0.30648627738057344,4.035295275596306,0.2955529972780327
1.107009592635591,0.7653934220840304,0.22490776852037858
2.9935403424468063,0.36699431542323757,-1.0501750498346198
1.8584627502614246,0.5216141981063331,0.16212753895803067
2.3412728532502975,0.4692371874311656,-0.545997667732561
1.089907244456318,2.015973917516502,0.345195219913631
2.0632963207848496,0.8406941057929518,0.005170481580745068
2.451967983347308,0.3953561236410293,-0.852638526372643
1.9338181985316858,0.26415390244742326,-0.4922692997213654
1.80046418210945,0.5384170186892248,0.2691614223072014
0.4813879082446043,4.042291290928212,0.3041003298660052
1.9542428748826595,0.5621677340049531,-0.3267103295496302
1.0374828733140342,1.3362093936949988,0.2650951849899051
3.257620385161826,0.2975793501304319,-1.6626656918132767
0.5751069755293935,1.9102746713458358,0.3293953549195529
0.5170142520643259,1.1973349011841243,0.19296983384937494
0.6401946451141612,0.9669546803157576,0.17295791513504594
3.1545300704843835,0.09582437482566707,-1.736100689260297
1.0968877164600654,3.339960500198586,0.5336262610726353
0.8659573090262579,2.901188774307044,0.7077756774928378
0.33471192662435295,2.531424168037267,0.44458619319464443
0.8407751200039467,2.6133320611650657,0.33980957760302183
0.7815034309079185,1.5825427992198413,0.5125841282390475
0.6350323596616652,1.334259345206644,0.18505472870058343
1.128350678133868,0.859130566386821,0.38490797728160075
0.5687470993549654,4.417263185738271,0.3474675682005519
0.8637979819713336,2.908441182326691,0.5070153096821106
1.895853326175403,0.914944754132115,0.4631109251163482
1.106081005218259,0.6607902179809779,0.25418368861859597
0.5754404734580424,1.9091675670050239,0.28037355781773304
0.6738208114867207,3.7284476542553726,0.6500116584614136
0.6890191209463308,3.6462059580082458,0.6590078380224371
2.5735381993561353,0.3766800731501225,-0.7429645430025522
3.876444719095292,0.2500746502105022,-2.207194300849775
0.7360933877217651,0.8409791729309941,0.31371616398235797
0.3729247841939212,4.6513429219713975,0.5902289979006639
1.1118351777507245,3.2950582239546864,0.5631661570046441
0.9268265761049858,2.3706965617776268,0.5952127091526114
2.2552354350700914,0.6147005051278851,-0.2688983574850654
0.9096013431433134,3.2370653378669476,0.6947439624186
0.849180860465836,4.314230120683504,0.8289853754386386
0.9572996290043565,3.826974893889751,0.7517873518940074
1.7542889398395032,0.29118670942126856,-0.20119366496278435
0.49457218215654625,2.500671634534949,0.5831951822268062
3.4461866565997026,0.17963020291449325,-1.8376850014946846
2.4480893279034732,0.7085530072849126,-0.30568598815754944
0.787527328559755,3.7388403835474326,0.619286545070888
0.689047333867397,1.2296656829533001,0.13694957293965918
2.044155877158972,0.3028336612306604,-0.386355834143178
0.6499663500444316,1.9028102409676781,0.47089336489020706
1.017854850276966,2.1586816398608684,0.362329496935037
0.5023123289293763,1.4550459275021168,0.2558550064860498
1.2803200664401015,0.7571548572877546,0.20886316314842907
0.4196557808911994,2.0190305935684827,0.4819491141275459
0.7535714163085733,0.8214738444282217,0.2588665839866169
0.6190245948120822,2.504904369562057,0.5050637169202405
0.7940850998244982,2.7669887998425247,0.39951867741099517
0.6455450583065724,1.701836726238827,0.45709006561439536
0.8797557035466688,4.164294282333462,0.3743361716259006
1.262789250515977,1.9894892381682727,0.3256117099947524
2.609333431569101,0.42103177592273766,-0.630644641356885
1.5794347041154162,0.2567153343228902,-0.3443471062849794
0.5846078271007111,2.11554236843269,0.30531616615232415
1.6570577987470219,0.5113266785430687,0.0DEBUG: 0.689047330.3827431853921434,2.87036407334729,0.2979797313229832
2.175742604565328,0.6371591741647427,-0.1973276466855438
0.1928790288917757,8.993207117199818,0.4884910012255291
1.167023039748312,1.6674136523259913,0.523833870843164
0.7879862796749155,2.469472120578166,0.6688216291033948
0.6483113516889436,0.7879325611609561,0.2829582480636828
1.7982661058062155,0.862273613123564,0.38046283518111434
1.723433199661903,0.6374556837385004,0.002753444880533751
1.1865532284668479,2.117313883358001,0.49931739346857906
0.5273428999390123,2.940396870026115,0.3563258341146554
1.0296400419005942,2.859678003325659,0.6137846208345799
0.5018274157809458,4.378446669592353,0.6025761856865413
1.2770452661984677,1.7205534020551667,0.2964738591462848
2.398948451630431,0.5155436442614549,-0.005783568117700977
0.35494707055957087,2.387110447344856,0.49568058174753266
0.6651987860414393,2.0840302030159297,0.24273247123577135
0.5892530940495928,2.0988648844410456,0.5048829664153335
0.7199031397665885,2.153897276950217,0.577604206123021
0.412554064898999,1.5005044455392194,0.3604836358130149
0.5052924060396808,3.8510575773476003,0.4014054360250997
0.851835891492056,0.5996760982578938,0.3306473026362607
1.0013683302952012,1.943251139649746,0.25534392404978234
1.2698270134138987,0.7634115095582145,0.09393012654974209
0.5782091324336811,3.36540888045988,0.6524725153075135
1.4210146473677316,0.5143419949236123,0.14548464591976085
0.933164704391669,2.692242443539364,0.5372162488251551
1.1770256547698035,0.8236018928386857,0.245840018830367
1.0835444310771345,0.2789741363650781,0.2664894435131798
0.7247152905587375,1.1691458306805667,0.31147651777900237
0.6817782148105765,2.544230686323768,0.41352240071946833
1.0721092008844064,2.7463983862254957,0.42255473458697856
2.9063779181016898,0.47698351700433833,-0.7441261370167274
0.8824992774213112,0.9601116760832176,0.25417824485335266
2.306394093391974,0.3168961933421746,-0.39159866306590896
2.6771086730722606,0.36210728646873175,-0.5608920959119648
0.9285265153362736,2.095696910012942,0.6610202718464253
1.8782536650369333,1.0360209514176828,0.3223304017589339
0.886876115529544,2.194117210940371,0.3468325101283477
2.6584463487975225,0.5214678722957656,-0.7323184890781849
0.4612045666996758,3.761023156818897,0.22775375072565435
3.0085784902033823,0.36515992261642566,-1.10153823946616
0.9140354517090076,0.44359888596230085,0.1253185423667483
3.858182378325416,0.07834799971382737,-3.2843198492127743
0.5649325611969312,4.44708943427381,0.4286468684945747
1.7281906305874906,0.8972374835084299,0.13947802076658733
1.1533981112965546,1.6871105735277148,0.5687254307108183
0.6683882068100603,1.8503657224167407,0.5036023410779645
0.6351864056938756,3.4591807344113077,0.4497469752067704
1.1943015522120763,1.4523978907800057,0.28741965714920265
1.0441699073603052,3.508587654466356,0.7179416992264176
0.48023154457985273,2.575346499220396,0.5319434096824448
0.3654389314326804,5.324857265279577,0.5197018780829481
0.44909030222054097,6.556451930953684,0.3318012046990233
0.6070388082326946,3.6195784314566644,0.5941347133438245
1.1300046561168915,3.242076593488544,0.38803235346249065
1.4010151443428387,1.793203759517203,0.7666352247151911
0.3994459048557839,3.470543430956938,0.5513542498009191
1.5108369342038956,1.2879683472132422,0.4648675507634773
1.5058574618339648,0.9206013160312931,0.38657098001809953
2.324144202661132,0.5964751926892452,-0.33767897437997874
5.331381564928743,0.07605253969729392,-6.233134446976858
1.0585706501467775,2.3732999055167157,0.5269962048675146
3.5059555843096515,0.0285466989384835,-2.7830282132404243
0.703084480392892,2.2054211914116983,0.489757923227804
0.7101061375238319,2.740308872474724,0.4409838488316725
0.6073339648276748,3.204019965534855,0.5059797354049327
0.22786029435878655,7.612563918910861,0.44189130427246076
1.8196055896218313,0.5327531211802741,0.0747048840687915
1.0735954792462847,0.6807848232147089,0.17133774782664368
2.2650991607838,0.27329452905364876,-0.7572808880979431
1.5089964021518136,1.4560833771392692,0.4573188256652816
2.4275078508510943,0.399339823699531,-0.6677008963335845
1.7071130999477429,1.2870995936962113,0.5638163573069521
0.6965697984843295,3.1543494738318745,0.48323699500173495
0.6974259834233822,0.5813736765554675,0.26798192933801507
619039.2084062236,-1.1982930727362415,nan
0.9731891691839205,2.2577569160358912,0.5045963073747309
0.7133480360332999,1.7337436492096738,0.30956717893848545
1.362140953961007,2.689561337595991,0.4370662532379426
0.8569864559479432,2.9315581437015417,0.345352202329318
1.503988803099986,0.9217451341808488,0.25506374639311524
0.6666324675817833,2.919014965043818,0.3109924476309204
1.202713232415419,1.6179335993063997,0.30608582537942347
0.3352399864050021,2.5274367460556637,0.3874194275240525
0.5855943057179382,2.1119785747107924,0.574314048046992
2.981881304862231,0.3250969633188977,-0.8981491415557212
0.49244282068594786,1.968554553882576,0.3464442530823987
1.0716492483689217,0.9045875398723571,0.12447418374994224
1.4309869076324255,0.2833464834273069,-0.1138028124174495
0.3286468335778806,2.9496725911962307,0.19645703995491787
1.2261016231830197,1.130652088626229,0.33387502587492957
0.49703707824126603,1.7046974913527837,0.32488794942100213
0.6410608812223223,2.7058288942552715,0.487062494879414
0.22876760942578545,5.406196402774168,0.5171153613594568
4.915027752622221,0.10393138136269112,-5.210135430281728
0.3645481800954063,3.0136271380660595,0.23009385664556672
0.6801416969070546,2.038243453421642,0.48429171227546447
0.8236826501171624,1.5015037975766607,0.46765430089452853
0.6119949986033021,1.7951327889531254,0.5691973656168093
1.3950852815504284,0.36616085806473747,-0.1315796714103129
1.562998633882747,1.8838397650111607,0.37615625429238214
2.9853214603006664,0.24482707080703509,-1.1315508026981644
1.8600218245527282,1.046175976737928,0.44315611468821425
0.7104391016266035,1.9513204691941448,0.23766137188579706
0.36337503773830676,3.8150511651773504,0.425973048369423
0.5431428437564655,6.745116295359521,0.6288806867261377
2.6588981766236124,0.4131832870949488,-0.6661440547204565
0.47495305098862434,1.5388626455213532,0.1441788737575426
0.7467522725834239,2.605830903364174,0.45615762095822165
0.7656704643852371,1.4348369693875997,0.4163726092559553
2.2933972327227,0.7563456651287593,-0.06242842767197199
0.5308191180082306,6.901713826503213,0.5524886586995837
1.2300918949827142,2.393673993931824,0.603101120200725
1.605335039166954,0.6038618316654623,0.01703334911190213
4.034939883304329,0.12660055379751056,-3.3430117256730867
0.5470898661153017,3.1705962088183353,0.5309068935638965
3.0448499493715584,0.2782724516727274,-1.116150727296497
0.4800031601923294,2.5765718430965676,0.3018156692259315
0.9348189754602967,1.4829548795126795,0.5334040453393671
4.181521870032847,0.26273025056771493,-2.732854109276225
0.674625320990479,1.436946593947642,0.2179230425142111
1.5879229405009605,1.2254436908893163,0.479758026496537
1.1351418500812052,0.45001038745020944,-0.015482432408452207
1.264804253750612,1.538506961282721,0.21889439018578644
1.4257913167992498,0.35827516814504107,0.07554338111498804
0.8604477218596032,4.257738794649768,0.8854543491165066
0.88408922580611,0.8267123806156234,0.4200875211887835
0.6536836286563936,1.680648314424272,0.33977631423214005
0.5566286762109848,0.9177134517093531,0.37894245447405117
0.9981333451382797,1.9495492847057727,0.41033135480118244
1.9290216287416677,0.4392370970666149,-0.07652504316998443
0.48133650079336576,6.1172152419632635,0.5058264575435155
1.221936471756999,1.2689672894218407,0.16364667095102492
0.4522829224516829,2.143349901281457,0.42544492748779017
0.35655333730095196,2.049868651000399,0.14774659406429744
0.3846369149320076,9.524727096922703,0.5456147213073089
0.46326299262550424,1.8289780834536635,0.2995002370742271
0.36635467955620626,5.311547136268451,0.289770764128597
0.534985218991831,3.242334542731718,0.4571773483551866
0.7828404433254613,0.5179409310865081,0.20126788752827562
1.393950626520024,1.1123761365079399,0.6849512704168063
1.4633826071575902,1.501469654340099,0.29547910368594277
1.7831195386978307,0.4751772620953751,0.08254576627836341
0.711571132294442,3.0878495172384635,0.48249328278828996
0.6742364344324008,1.084022564218267,0.3935038995874344
1.2769806685859413,0.5723559694542107,0.10882165272844896
0.8785237512610768,1.5779816528920643,0.669815870704951
1.8749818429530127,0.7393641524210918,0.2421315616860894
0.9531978190284663,0.7667742140741988,0.1496046283761135
0.850375240968573,0.6007061343697672,0.11880863766638605
0.669096897977201,2.3174482157949,0.43362125992109407
0.559614532843121,3.4772330503447058,0.3170066554113897
0.8925884128873987,2.8146294391713624,0.5330517817522299
1.60003049353629,1.0841049982456252,0.2556917997941627
0.7076995828245137,4.160577525586254,0.6790420458104378
0.9704849932663421,3.774980212521647,0.6655811675710399
1.8100529294755199,0.3420006113222314,-0.12408938091067101
0.7787079788272508,2.4988958659263916,0.5920647363084053
3.7204446503695126,0.10898297010490228,-2.6565877044595125
0.8686853328749377,1.9968117219700223,0.5601514945487156
0.5660410245161642,3.8817408671294538,0.6358705706435208
0.3468343634418104,2.1073099599757974,0.16284010590024475
1.7967713529868208,0.7715474530554023,0.19974971251571094
2.9589005907271995,0.3712907057814022,-0.7939564158451291
1.8288743064819248,0.8478425263647233,0.32684889911744763
0.45675734532669493,1.3552911950730795,0.16681936994884056
0.6213686714996685,2.7915811255846874,0.32914779140273187
1.56250154162233,1.2453812666545556,0.338549012056367
1.2917045895384474,2.8362225200722646,0.7463311683841062
1.3031126092674659,1.0638331263628742,0.30239905477060913
1.7586593999766074,0.8816928465124012,0.10176415378780068
0.802370684386037,1.9325200217124863,0.28939014289032383
3.1876281119733707,0.03139747016944953,-2.316476017532419
0.7137613532690854,1.9422379129530467,0.5724707656064795
0.41750464478484756,2.962272737794971,0.16128951199355807
1.5029793966135554,1.4619126398451674,0.8271426810021616
2.606256804108946,0.19599972764028412,-1.2293603180236228
0.8282994905427457,0.6167160907358168,0.20283537676300553
1.0763272186492556,3.403761962581656,0.5637634569901734
0.4530200443397399,3.422800893216779,0.5422431680912121
1.006281671161678,2.496622661402392,0.507979201100812
0.3613681223879602,2.0225566763139144,0.2682315955123433
0.641099037481338,1.9291288160527438,0.45944905939016023
1.2704371368844705,0.1579540534797825,-0.1692805045474145
0.8160948058680857,2.692364369356593,0.42936974459865174
0.42409515000734005,3.268828613333346,0.5288687840751249
0.9877175849439505,3.7091185800215754,0.4703214302463638
1.456746910267213,0.1377526144368771,-0.14428460219391542
1.8728790523140784,0.9261682185215754,0.275069215672622
0.6651107656724888,2.3313371132150724,0.4126464454729999
0.46186635158712275,1.8345087436562826,0.41105191806320723
0.41078524033865216,2.674420063784209,0.4695850784971668
2.718977939006021,0.18787413330493355,-1.2913033736138453
4.506782407032356,0.06707243540341692,-4.234654935239493
0.0,0.0,nan
1.0126716152326825,0.6112931369800332,0.1730605767118106
0.8121373510167461,1.5228490914751998,0.2626628222130354
0.8954987302191895,0.6912787115339657,0.4375790866795324
1.0931221831255231,2.0100448158995166,0.6424962590812253
3.2844704498013626,0.2951466825486984,-1.2851642105980592
1.5174857586495896,0.33662630496155327,0.10152600761996011
0.40836687030659324,3.3947277850406676,0.525791690121881
4.032873642441724,0.21009779514792895,-2.620805586686299
2.0427754855372937,0.09823433700026546,-0.75009883273001
1.4748663965973123,1.3193806256246352,0.6224483220677173
1.0359304529506705,2.121015528675503,0.44377277034288753
0.8610787357060596,2.0144511569732164,0.5575422779722249
0.21801163230041146,10.078474043570898,0.26024749586626766
0.4838605235812027,2.8650701877051135,0.5542098018632434
3.5224364799931496,0.17574176622410734,-2.417814298105686
1.1170138902952103,1.7420644147415552,0.27124764419497666
1.1847751687115606,1.170090661697005,0.28171196843072754
1.851808178659349,0.8373423501854012,0.408969946143557
2.7626394913422736,0.35089651046619347,-0.8904091707541475
0.8254046365570946,1.8785906254161309,0.509076173638411
1.2264075027850652,2.9872302948326834,0.6030451599296678
0.45077947037616906,2.4371391353544416,0.45823879375309784
1.1329290364079392,0.969709711167229,0.09604534215589744
0.7860508711541835,1.5733875154071761,0.217746479806173
0.9131747747194884,3.2243980677969564,0.6255957963428215
0.5722286276650637,1.277264843468466,0.3952270000280468
0.7946156564476567,4.610482585389347,0.5689414661412564
1.3673713931447538,2.153357159531224,0.7915871849566699
4.181013310934069,0.07229847154095803,-3.7272855919369365
1.4746280955625848,1.3195938385487833,0.6572687816724382
0.2907258219989608,5.9664499130534985,0.5116140812829373
0.5478977798429473,4.585354634392309,0.2951912277055656
0.9898215660699041,0.5160784946262877,0.08093940951836559
1.3672788925442754,1.4231991436906501,0.6205631536831604
1.3568712350363863,1.8515431377014522,0.518577943767776
0.3457309990641268,3.1776505191666,0.5467379318885693
1.1308955119072766,0.6462909268338479,0.05315065486573006
1.6037549020177173,1.566514696737844,0.5806840738815315
0.5877075592136608,2.951469703246565,0.462798038232757
0.5804068266951922,1.4598344151320128,0.4382096883030934
0.5970799428351136,2.905140385643677,0.5429300542431371
2.1416659940817526,0.7240145833645694,0.06402863217854005
1.3046046828720885,2.2569587690611796,0.5354281648385109
0.7224057417398833,4.075879812465062,0.47527981135987357
1.2211158059262948,1.2698201144279997,0.5929358109806464
2.487348467366359,0.34064300660065333,-0.6895104373422355
1.4812069626741753,1.0468472343741306,0.19609807625400377
0.4855509475531538,4.007633305755813,0.6145083715909461
0.29483332503826454,5.259233881413929,0.46257042584230307
0.5235159615221773,1.3961131317136175,0.40079564553353203
1.0594404878990884,2.0739480909337353,0.4922218046237251
1.7032091452222125,0.4974714131638009,0.1327636916427184
0.5222697491711549,4.810360217039487,0.380768307141361
1.6539129754168285,0.3088588283414667,-0.17407985368382478
1.3621783827182237,0.7116546331132249,0.08621606110720426
0.577305626531032,1.4676764289974549,0.24607192704669534
0.6410660858317893,1.9292279758399884,0.2978093482693184
0.5174593087276871,3.352149678499532,0.57948940986559
0.5892162553603584,2.352776842981102,0.4340090134361954
0.41905293457644566,2.621655161008533,0.46793112983312674
1.2376525748123401,2.9600888978759934,0.7069599301418641
0.9166303426603871,3.9967710816736517,0.7599430449360032
0.42585468861250475,1.4536395276594032,0.19261763491767878
0.824793021717159,1.4994824090219356,0.45886568322072185
200670.69546215126,-0.14344333488337155,nan
4.612362338171345,0.18370149573355724,-3.918846496625851
1.902649790051271,1.0227369005217068,0.18353861715858388
0.6735423534421069,2.8890687261325585,0.36626959445379903
1.1993638439406096,0.6093959829082399,-0.00629867232067044
1.0350297076440886,0.49353716129435604,0.27532230058089396
1.0506912955047365,1.3194116740578266,0.16078390737207954
0.8372490369115818,0.7393728521799394,0.4197265372631603
0.5014157150055055,3.4594070418575944,0.48812200071666845
1.6629979784025393,1.1701217766509475,0.4638539348728331
0.7131739648509535,3.5227107939942295,0.7357621082729436
0.5527446481156354,3.520450456986106,0.3460892573826121
0.27869927488929896,4.437624129593365,0.3570697294178202
1.1924007337213525,2.106930625692827,0.5398675475597129
0.6337225500318728,2.4468080113816053,0.448141263472075
1.673372516853617,1.0365899032748638,0.21327726071062558
1.232026336902127,1.5794387593598154,0.39681721320409824
0.6695937933865919,1.847034186045507,0.5065315022451721
0.6609340563841041,2.3460697741833894,0.2929829247117334
0.7856775891347357,1.3982991291351559,0.2664164977598269
1.1886356387377113,3.082156993054842,0.7666901755174318
2.0889307137324447,0.6636382681371455,-0.03344931479792912
3.328320003136665,0.3300801268005357,-1.4922734402839077
1.9249144785148447,1.1414660764729008,0.41777587342920186
0.678436337960735,1.8229604724098751,0.5848425986402865
1.143500525167929,2.5749345228626224,0.35524288411417493
4.235260724285422,0.20005801662426825,-3.1591146873942417
0.42759585180290977,1.7092951333860882,0.48445039492189423
1.5125917079363698,1.1467741402302305,0.1634881131127215
1.1076875377845874,3.3073962838445334,0.6370978076028566
0.39163238062502437,2.8052131106084315,0.5051097619186958
0.47188823490245196,3.28594208908748,0.39080039480173046
0.4381965495709134,3.163635958515339,0.5100961414829365
4.682573311604243,0.08659023172223489,-4.5367493410411015
0.854738545620342,1.1341486377972383,0.11501699863705103
0.6526114075228266,1.6834095696215412,0.4191920540079342
0.7463439958701494,4.908677052943077,0.501276470102827
1.0258182827479443,2.8703319376204983,0.6488079624255589
1.2207738966097812,0.2476141345358052,0.19510532013965126
1.1033765943592835,0.662409835661966,0.22331082695418386
0.3970934381189956,2.766634205471037,0.23145955718633443
0.7485709451308927,2.9352255676341,0.2749454528859444
1.2092272948588643,2.0776124014545507,0.7327694818258712
0.9654178525114363,3.049911467357664,0.6065055471100834
0.3669289196753185,3.778100571485535,0.19338507619629525
0.7117646118374633,2.733923711143532,0.3804211903870185
0.6207728071174103,2.2331750766552068,0.2364171384101026
0.5341519101661265,5.512362537935491,0.2872142183463011
0.3540809340502098,3.9151906465636186,0.20747608366086157
0.8943730444467025,1.228360241276903,0.12923315711965389
1.2514939297359973,1.7556813701842917,0.5811401390850551
1.420283023250414,0.6825404101286549,0.19150970946387763
0.8719881348841656,2.231578700682443,0.5937244540509491
1.6916042157949873,1.1503341803512899,0.2779414395314831
1.4128271345440337,1.5551970397605204,0.5286744346452369
2.322423162942156,0.4730456990776546,-0.3310677554197353
1.1117978660696297,2.648358185445586,0.4987248662460935
0.9164128641848369,2.397636112725986,0.4041870872318931
0.9050636876286612,1.5317091825350901,0.4127324270293517
2.765618311705778,0.3505185632757098,-0.7892190142448249
0.9200185335184488,1.5068113419609628,0.34438362919567417
1.0040584437757032,1.2317635838987155,0.4442719009809047
0.47422955477834383,4.633251038862832,0.30403533968637236
0.9126635673113404,4.014142535482498,0.6134024263185275
2.990301900460193,0.2070156221721146,-1.3760954661262206
1.3265166244946611,2.219677405315692,0.4596911617357732
0.8416811422787848,1.4693956713827407,0.1738118383704964
1.1320433096806948,1.718936132933093,0.3705674070268302
2.822843523818422,0.34341278537352593,-0.7571740234491533
0.7912488757253048,3.721255182154155,0.5237020805646849
1.6204081943149125,0.9569177802552024,0.3656510074638549
1.7529994360763108,0.7055122789526608,0.03198328550597174
1.6923387917437398,0.3657891737908947,0.04341227248983537
1.3472633939279988,2.18549616388063,0.59479442764736
1.4104081573445486,0.8768827808522086,0.1020116080138837
1.0139367805340447,1.9191631928278547,0.49299409074132833
0.9335974877734645,3.153863434432143,0.7211381554671764
1.1697199839441326,0.7243595664068535,-0.05408283315118545
1.050460656227309,1.4761118402854614,0.34854020484625425
0.3693355597004779,2.974564078149035,0.4771804237136316
0.6223106578716815,3.5307519637391143,0.3124888814939038
0.7537836589967974,4.86022959293843,0.6157010400650013
0.6090959532329694,2.545735863423292,0.5544271341921955
0.6005806873675702,1.2169680509481176,0.2999376189155369
0.862433593325309,4.247934767944219,0.5009802204834362
0.5577101564488312,2.2175723587748535,0.4535753306084712
3.962119406120672,0.07629272136674396,-3.4455031658730197
0.49908703221189077,3.106867765205428,0.5420742875248896
0.7770634495675187,3.7891873318777147,0.4482701521496635
1.3142287301302285,0.7376193618077763,0.0587643020043076
0.8613429535811464,2.5509288352577446,0.6622402594676385
0.8331355735392743,2.6372953539867563,0.5533868580540169
1.6220372419819125,0.38164303037200337,-0.22902808732061097
2.6358667085607084,0.658076165139348,-0.37226260122823485
0.43504833784420366,3.9871455755550755,0.5585552984210587
1.7677574276077326,1.2429446161681106,0.5403596008238646
1.288743340126303,1.3459631575811728,0.3560644995260551
4.454765705088437,0.1389611147672994,-3.8397600996699266
0.3395076125873284,3.23589883683543,0.5237171873693731
0.9296400594157377,3.940838832216556,0.5294223225130317
0.4683642925991779,5.363999057302442,0.29266393758935233
3.6806538341045476,0.19857545465712276,-2.3808111661645017
0.44867113531063757,3.0897783521556152,0.23881508117804445
1.3085561381401085,1.6791213714829256,0.3141853819847526
0.5455567515107608,2.01374519814084,0.2735496671206543
1.3865280158861122,2.6422557670342566,0.9386934606386659
0.6329693698315386,2.740418633289887,0.33791240159696007
0.8267106237102428,2.09819615913884,0.27654648793572556
0.33707717676859084,2.8759009034112486,0.24454084336880677
1.3318181932476678,1.0409036069250426,0.4182776717616864
0.8380425264981479,2.3219706488959586,0.35704767051598796
0.3570947415607068,4.857537380155515,0.5134657543115592
0.9251474413921094,3.1826699695951324,0.3861708031578337
0.9245585211975615,3.962498383968502,0.4756902281324169
0.3963540712242535,3.4976160503105778,0.3139442697825664
0.513411816235008,4.89335372605865,0.33946444646880103
0.0,0.0,nan
1.2665489748459213,1.5363876073501521,0.6105455374994166
0.0,0.0,nan
0.9116420216177669,1.7008840922663182,0.3899547344224642
0.44927635215365497,2.1576932605982413,0.22725707134342127
0.7412862250441681,0.40777888710251253,0.15160858398125068
1.1280267542058622,1.9478479292657196,0.5927061903816431
0.27411878004499873,4.007796505178391,0.17258399466749225
2.380683631409185,0.6513244313329151,0.18659703497404556
2.429503265339862,0.5706081489567221,-0.026331749390356762
0.589627455349178,4.260835551642223,0.7087494679048981
0.4398262570684906,5.712041024383167,0.3505377251813138
0.817285518371045,0.757433228035226,0.1686432765360582
0.5825048221634408,1.4545765599678868,0.19582588447494617
1.6866061192300823,1.0284565172690903,0.19334991590513184
0.5447317156575178,2.016795161893651,0.24706730745944874
1.9978790385748608,0.6938830301301778,-0.18915781048047275
1.4678660795276914,0.276227588990018,-0.2323205580951594
0.5060922391953578,1.9154622065127203,0.21101200304456616
0.49933683940060575,1.4637163751429512,0.19391389505213624
0.4988345932583157,1.465190101930864,0.24040294944855053
0.8816725370632007,3.339606095676057,0.7334049392416948
1.0311005026861482,1.199458853843057,0.4005172612643054
0.3187093331339491,6.1055951199191085,0.4283827829031616
0.9835112677163469,1.2574971611871966,0.1331456598073062
2.427501231026646,0.5094797116234094,-0.29856489168530187
1.2211341321101532,2.411233051096826,0.3028451749005999
2.749639736565443,0.35255548001316545,-0.4754934318937176
1.5403249542621398,0.4745021539256363,-0.16628129424189475
0.4314923629081266,1.9636450913677241,0.3156333312698423
0.6555603620424886,3.351673933564964,0.6627779123054609
0.7994893657085876,0.6389398604611155,0.21904269568717757
0.9513127772153667,2.6408828769545236,0.6498023723210657
0.32778821933763813,3.773053923804993,0.4533236882695411
0.9955286572219432,3.680016260258082,0.472367596129466
0.5416146742349963,0.9431532195605785,0.4675069026643719
0.8720913890068032,1.98901293746701,0.575141445250511
0.20952873359655885,6.616249415171659,0.5334893772179177
0.8097161264601825,2.142233554086692,0.5359199633534936
1.0660549764069094,2.3566379591826765,0.4632111229552218
2.5817249021739306,0.3281906060842268,-0.5448444785057756
0.8495027142366984,1.8253001272684821,0.31884852953324716
4.188833433208541,0.0479061052825017,-3.728514127213827
0.9074790317370962,0.933683127383457,0.5416625176518037
1.3536504694097637,1.6231845864126815,0.7490729321535874
1.8509848761603451,0.5935285062658396,0.11494866797846359
1.545372294945302,0.8970617408208151,0.33848604732928245
1.094434937766059,0.4667482790787718,-0.016735786586957513
1.2340116866664441,0.68662061270756,0.09808924702207816
0.4317545467359495,4.01756291509061,0.5440112420715351
0.6333070378135626,1.5306960120558182,0.4252753335788329
0.8279214639491906,4.425011073700678,0.7184017374086191
1.2235118459143073,1.7958343310475062,0.454180507285027
1.0180228185517786,2.4678284004970314,0.3510271930250681
1.2451085248798583,1.3931324223769808,0.28855008313050956
1.0979450675488336,2.288188815843808,0.5137941997442708
0.18069095455015097,7.672184612512649,0.4866002317357368
0.7613588482111927,0.9599776902311016,0.3643907856010522
1.2943467733196312,2.8304328651692408,0.8172279858483427
1.6154196626947983,1.07377735671144,0.3964141234933405
0.8241649837255798,3.5726329525143257,0.6626277214739617
2.214723169823134,0.700131480782312,-0.00018863204590324756
1.2411784693782593,1.1169178287586023,0.3570863929108182
1.173376801937078,0.7221021064916533,0.4408930700176068
0.9773240731449017,3.0127560141761554,0.7246138446495943
1.3896330734042839,1.248243934737916,0.23360445521038836
1.1759328733434877,2.503917566990556,0.6843419433348237
0.3883218620842185,2.1819473563490566,0.28121051272732955
0.9409946558954231,0.9004279196261105,0.3479536992998925
1.404190973259133,0.21527048501909848,-0.2724854514187476
1.6544815453713808,0.5859240678145506,0.08437035881559507
0.6357798524014134,2.4388904532825038,0.3128130328168278
1.003837576496459,1.544669624565141,0.3597581222787962
0.6586340679284051,3.3360323802367637,0.6035995328332922
0.19996165392739834,6.932801034058378,0.501852035807873
2.1725223060787258,0.13913821323129824,-0.515495948611733
0.8383270702975838,1.3104817052825595,0.31562449409272275
0.6473067749877665,2.1416342523930645,0.3312433366348409
0.8957185131830796,3.287236934182484,0.7023589569908982
0.42517942338765,5.1677584955303395,0.36655988440224996
0.8383442474751046,2.6209097085758533,0.5513363064204041
1.5123855426753143,1.6611542183430328,0.4627058609947509
0.5241640620857106,1.6164745385551715,0.430608159664412
0.0,0.0,nan
0.0,0.0,nan
0.6627695974547981,3.7906168804724905,0.677071311787475
1.981344692613054,0.3688845819042608,-0.3363414437373001
0.6150278077239313,2.254035254520003,0.4115764850807793
0.3511688166827267,4.939507646988145,0.47448420618574794
1.1011287588812342,2.6740187788374907,0.5373894490587635
1.1030013032032198,1.5726192256987017,0.6329353539834888
6.973588296159833,0.028775816256984277,-11.344713182931839
1.5499949236326347,0.5466455712006074,-0.12314723606984662
1.4352141308990827,0.5903633765481517,0.1949114169177305
1.2188018421951083,1.802774250307117,0.6927810487817301
1.771472548595496,1.4182018377693661,0.48058221678078816
0.6638543123489637,3.309799358780424,0.56764813414859
0.7069940699904373,0.5735056704416891,0.19689452398117868
1.6189185602311893,0.8563088935875325,0.2871081657063298
1.6612096178738054,1.322665456360928,0.27447226185462015
0.6835019426187428,3.2146573993891794,0.5527558081414029
7.900290537001566,0.06465909340593273,-13.968479408976291
3.3249172923686934,0.0603535901247012,-2.4505743528560195
0.5264735553208567,0.970277839415259,0.3560244698568809
1.340127585027405,2.1971333267542783,0.5599037273813676
0.4136742746989278,4.1931566971394325,0.36189186132014295
2.2261175884653626,0.49351044812752654,-0.47528753629874565
1.1834678098285398,1.8565985142042456,0.39297686018673333
1.4838881920166078,1.6930558767786172,0.33857757844271175
0.5722718893287161,3.031078562015025,0.5646936464666039
2.138138309404078,0.39627832150079867,-0.33292019211740476
1.1526027187726788,0.7351170065687752,0.4275922268631883
0.9230244437932652,0.4392788412426686,0.23763221306133406
1.2812672747470333,2.859326635695866,0.637750333218898
0.6932270672119667,4.247437987394863,0.5943474943799608
0.5521141740570514,3.9796561663877412,0.4408878363573941
1.1817991851482827,2.1258312372764845,0.5128234451849982
2.337834413319928,0.4699273320679649,-0.46173451984476455
1.23162008933123,2.0398381333161737,0.6438508665666023
0.5612240931762389,1.5097317999873003,0.3157495348841696
0.8794790316088025,2.2125713963819273,0.46579639848614296
0.8941133540794828,2.457434023674023,0.5482889805728677
1.8339285320259553,1.1980971662559436,0.41946290538434505
1.7930235782246209,0.5406513160010782,-0.06859757156161284
0.6233094456959075,2.7828890888240476,0.5287563597161213
1.533766472857301,0.903849696582114,0.01509188289122032
0.7525528098843888,2.5857456426935066,0.5761941335107872
0.4929262266009993,1.9666240197294025,0.49681715462077297
0.8901994107268113,2.822182977996942,0.5300981983775124
1.9881323337267522,0.20394271610085443,-0.6576332023986913
2.669812398237594,0.4114941894019706,-0.5176167597768477
7.433392226899682,0.013464035732542722,-13.240262847512172
1.1052905967436697,1.9879157425291862,0.5843743232237572
0.3552028592720566,3.4818487376017075,0.275472310817807
3.070348024392759,0.3578136028684855,-1.0060960775904708
1.1276914592048108,2.611032437225963,0.5298190050701355
1.6321289858314993,0.8493779432595725,0.1569382325280233
1.5566352939293524,0.9961211970833935,0.36245900249808405
0.416597369738386,2.9687240414541907,0.5345390234237438
0.5226007658968056,1.3985580508833697,0.2545299681778431
0.7584573494868765,0.6735060634742118,0.1043570376480232
0.9056446114989815,1.213072186063954,0.3854213516077744
0.9466039817797594,1.8324463965668016,0.49628114672568635
0.3405774217270126,2.8463441653660753,0.22994863372012053
4.791842196313551,0.020886217545723562,-5.37054781500467
2.147416995024651,0.34035658199417507,-0.46425568242105997
0.7560517093187015,3.322928303726767,0.6517586549149313
0.6490536001036258,1.9054861215644898,0.1952259556377369
2.829440661065092,0.29945772394048137,-0.9990532528758473
0.7251932787098009,0.8536196164249659,0.41472364240981774
2.6256047420242177,0.418422571792406,-0.4848055049034554
0.6906346067472723,1.5907286978309951,0.36198203609773877
1.2332276904689483,1.7816860538549057,0.6553843756633803
0.8000994842595606,2.4320852435695857,0.6229931117613842
0.5559103756563328,2.7892938867716968,0.6252800294632764
1.490075854668286,0.8299997770410485,0.1343343573937293
1.0957892577192605,1.582969574823582,0.4205465470359383
1.8114478136838488,0.9575771613649399,0.24002146126240265
0.3374132331182833,4.5955441583631975,0.504643821054672
0.32409063161175644,4.784456140246291,0.42861251562922936
1.0308281095648564,0.29324081199195795,0.1961972871668336
0.8469926565793566,2.594148320258024,0.6640283697803111
0.9012954664961126,4.064773187390094,0.47428162455925926
2.459443250690218,0.5636618615740945,-0.3154769698149933
0.6918439046832985,4.255929638513328,0.654020531782801
0.3927539337131075,3.1489503248421626,0.4156012993523435
0.743758163070342,2.9542191083533877,0.26657731051493083
1.3142464339990594,1.319844597264738,0.390369509830077
1.8891622646223658,0.581534106011649,0.08572260229547968
1.1760298707268304,1.0516421886329823,0.25220241356280915
0.4454607888840951,4.93247583662839,0.6056144682382351
0.5541802121840651,1.1170359294615455,0.3763958140027084
0.7859197725584163,2.795736478525743,0.6687655776587668
0.7303583007204295,2.3750001248388446,0.5562139833273821
3.477695672411618,0.1780026968193422,-1.9921600693358998
1.93456575055286,0.8966358754632104,0.20364347781389014
0.6524775556398583,4.512705385366011,0.769765973365929
1.4572219408942217,0.13770770932738646,-0.2930675157011825
3.5096764567710697,0.3130238078067292,-1.5410354550588872
1.590247727326577,1.5798202888801753,0.7006016204591644
0.8351884202209116,0.8751169087682863,0.3126446403631535
1.0268592390636382,2.4465920239146026,0.31372299022836003
0.5333052293289178,3.252548371916086,0.3174136982176966
0.4679038212819341,4.6958893631524505,0.6881069152561186
0.5027486541878656,1.9282011977815472,0.2940949362110835
1.8543021025011273,0.9354468471175408,0.07375278480438441
1.724339811024564,1.0059508249464155,0.30854372882723047
0.996767439178191,2.204350273668424,0.8043580168591964
3.075277613883782,0.450786737061157,-0.90740011464573
2.630716147731657,0.4701239349655148,-0.3810301122545743
1.2406018904346439,0.6829732139859576,0.22179084571888025
0.38601895817071363,4.4935644187221335,0.3938747990759638
2.2136393839498254,0.49629234853413284,-0.3758120539124732
0.5287864439154089,1.1706790435521315,0.3411753347403319
0.7760913429279299,4.720528942261187,0.584080844693133
1.0058910263029646,0.7266070473151397,0.32557813303807137
0.649027568924644,3.3854102391624763,0.4060943420294868
4.600693963846929,0.11103229812288087,-4.380202071751843
0.6317501411970317,3.976739315349946,0.47057912470889063
2.1451374208238763,0.4519060400409167,-0.2839100083059437
1.7225586151615302,1.7093403691753788,0.4012158191534025
0.27717413140797,4.462042041465074,0.415321228425238
1.1734567142367136,0.936218844154565,0.2397130979516362
0.9640415321473642,0.31355586019164017,0.3265015762084683
0.6628959137741572,1.8656965617837271,0.41264539438421166
0.8812804135801127,1.7594824400011584,0.30190029625756604
1.1763740585109774,1.867794143741496,0.3079424920966496
1.3293939101573335,0.930320665454648,0.2566705780241568
0.5906723153329487,2.9366554185129714,0.3102785905037162
0.37890552815791634,1.6337560748077204,0.19014368049610947
1.1801321395921793,0.2561415469774371,-0.09324427324207935
5.714673984882545,0.08938841045304002,-7.025687542595765
0.7146796119380558,1.5372094996370638,0.32711993314198773
0.8859424178671496,2.4800986305926056,0.3446008712891794
1.6152885750305628,0.9599507087343992,0.3035267678821151
1.3759136909235299,0.14584540933483903,-0.16312891062212503
1.179861921116211,2.4955792931946195,0.5485594941141992
0.9903947546820342,2.9729953286270687,0.6170496307283718
0.6492698293737496,0.7867693840921354,0.25108753872173206
1.25294626999226,0.5833350767286355,0.2958013977598805
1.9417605574065224,0.7139368218352679,0.03918042593921822
1.6550162046715198,0.06047279674632959,-0.12370397355897378
0.29070642305555133,2.914616923428942,0.5471061056482411
0.33959126906641623,4.566069724566168,0.5759407675117418
2.2405034346794412,0.3781729799081652,-0.4822400336479158
0.7635842013021947,2.0306829420603805,0.5335541669887651
1.1004365878648301,1.7683073886437652,0.3626103357543181
0.39422023900917214,2.1493007627330107,0.3323847906466499
0.522575586768665,1.6213881433429598,0.2141036462622773
1.7917455030839209,0.4728896257469876,0.02676405735081422
1.4720597999521248,0.658533408234931,0.028752233146773998
2.465859697119438,0.703446776560089,-0.025422685262398215
1.8191371081041072,0.6039194537750243,-0.05861085984745962
0.4233115638650096,2.2900403389339887,0.5530915307091216
1.333044713966228,1.6482752261165974,0.6942024745923874
0.2783435354876549,6.991037696083365,0.2702864030391501
0.6694078816050678,1.6411702324656237,0.182995376616768
0.623185709060116,0.993346284111447,0.35931531212567225
1.2300716040653865,1.1270029781503679,0.4798811802478816
1.357295103536143,0.1478460321114743,0.015014713541638636
1.0411313616246085,0.7020127675361701,0.33661623660703693
0.6656476604279284,0.9299802961949247,0.40497892564187665
1.4790273985114526,0.5728750266830452,0.15259933291631655
0.785247415948279,3.199380950451406,0.5520879524724042
200670.69546215126,-0.10848355415516464,nan
0.8443940524238066,2.9752763141386667,0.3362031488155504
1.562914769684396,0.6202517091727641,-0.05381842979406648
2.0347137797121375,0.7620715148597158,0.06930450674042876
2.891603531208583,0.1045374542569435,-1.5284045439985694
10.397130591082032,0.009626065353341581,-26.37382744582748
0.788327423577338,2.4684034715232914,0.5079205439173453
0.0,0.0,nan
0.4163084073880285,2.3285634879925796,0.42119296899723013
1.0535433123419373,1.8470148557345216,0.33495172208970003
1.7504068555540446,1.4352695294837108,0.47883243732251013
1.868808304258313,0.3312481044715317,-0.4241754502115138
0.5234352341124595,1.396328448890321,0.2911910241840555
0.5194518934204826,1.6311382653895503,0.21174184683716188
1.3966312566645087,1.2419892846525222,0.21508622460481014
1.1541655827201847,0.26190425048068544,0.04735649599659958
0.3631616067782795,3.4055434386928622,0.48723439840085975
2.2353500295775857,0.49147215162348185,-0.3321959664647163
1.6596942973298698,0.934266879693315,0.224441333897342
1.4624752237051204,1.71784491337316,0.4730832950750385
0.24960678482531884,3.8837107647795497,0.41008066004605326
0.9951456154451751,0.7344528249926846,0.09253724599678728
0.6520478385518986,5.618547335830254,0.7233361062428538
1.2318544620131837,1.0039843709521676,0.5112743051866977
2.336972499484467,0.08586780353915979,-1.0806054254305268
1.4805026337290608,1.9888103621606161,0.6962135048206358
1.1467013230297796,2.190897990191707,0.40017316391379065
0.519424528444266,4.230113244588488,0.34745539084879984
1.8996109184994334,1.0243730071800456,0.3038944462624672
0.3174704123307092,6.129422061002198,0.5462542401079292
0.46379107746528514,1.8268955604274726,0.4425702375657185
1.5168307090490747,1.1435693153097852,0.23796389627311482
0.50494973853198,2.7454105930428017,0.5407918978763333
1.6252578879570596,1.8116749353959962,0.6704422458001398
2.721504053091039,0.14898567123118692,-1.1345639357128205
0.7461052789080154,1.135627751658977,0.4523523209178367
7.409422688962517,0.013507591989059072,-13.353679204151609
0.6843078909301911,3.671308861514218,0.3886147889368456
0.8356245725395192,3.0065004148227112,0.38128078795678955
1.250440892483313,0.9890612459840293,0.2909444054603943
2.867872134214945,0.43124747871211494,-0.6260809570274584
0.39317480835192264,3.525898230689916,0.198746797760183
0.826644084023698,1.8757739181578832,0.48417444425739187
1.0370986329207381,1.6725516747650326,0.2371175448212852
1.0350907301755232,2.42713566138313,0.5277772310472026
1.9855047006051996,0.48823886284057727,-0.06386168315505547
1.070145855506734,3.4234227299743925,0.7468350087076688
3.4968843966697953,0.05738556746492881,-2.552835718787715
2.4049113818643653,0.12569314368606613,-0.8555506956640115
0.5956208791400979,4.9434784479304135,0.5476104815727348
0.6154565433384521,2.519426317250902,0.26661885727872875
0.721223993427531,1.714810708489273,0.4983697489270386
1.0343493350034407,1.6769973128878515,0.45814323421584546
1.62703690565443,0.6752227222689972,-0.05857769932527479
1.6866657458000451,1.1537022992853272,0.5837619949967424
0.77076542727847,1.0992940658728885,0.35066944754641244
0.6582789762667725,2.1059374689160433,0.24807838154303236
1.663490412744052,0.5093494100693506,-0.09901951227065353
1.0687049820603907,2.755146676204092,0.9220411349415151
2.8258049735843036,0.3430528880266276,-0.9164146838314183
1.0548665840328462,0.48425614338171585,0.3171042935559245
1.6733455077758572,0.828456738120089,0.21947424368382462
2.1118720504494037,0.6564291434345604,0.15904660508777102
1.0253362915647175,3.573034209623904,0.5223521185834961
2.2355201426785,0.6201216149450102,-0.2260473432763599
0.9861168438217982,2.985892592357474,0.6796798125945394
1.6019095052047094,1.8380807215387407,0.38928538907167864
2.043850687757798,0.537520815609745,-0.17161742663537205
0.6349893090869528,2.4419268013201054,0.19559406489001527
1.0567293198458647,0.9173593833182379,0.2432411344693161
1.9426049977158941,0.7982052008691174,0.13947804862182456
1.8521466136040685,0.5233929917144946,-0.07418360256768364
0.4290878981661754,2.259212066644392,0.5570891013028003
0.948264356524369,1.304238231290247,0.2691798790172757
1.6689888982030376,1.0393125186486931,0.21459515285153674
0.40971086850178795,4.749471636354263,0.23678639629316608
1.20233199962927,3.0470466121331516,0.7944896593180419
4.330991442662891,0.023108671509045223,-4.190220937263025
0.48134876629304335,2.2823623235366903,0.3415744798051531
1.3975169442003885,0.14359088545933038,-0.05977789846559872
0.8494038202738082,2.5867844303171803,0.4755049895427396
0.6407024991064546,3.0371508645106666,0.6265401854251715
1.4272595406713269,0.5936536672150518,0.10294064895138177
1.2818824850178492,1.7140608464633362,0.4375539323525913
0.8047199074769039,3.1219628104555377,0.5757960804882023
0.5220597870693814,1.400007291589494,0.45574491956349505
1.0751824658550249,3.4073859670100237,0.6553788007982927
0.3169018511927238,3.058993040083451,0.4458322774807059
0.7502901474165845,1.2920342357232928,0.27254305340801877
1.2023718439950364,1.2896155379513092,0.4747449879568589
0.5460441624076195,4.6009202129345175,0.6018236496374944
0.7883946826286499,1.96677812087874,0.2662186528008589
0.5940853211669416,4.228863320577049,0.5293152453375218
0.5751075163279851,3.016133516152586,0.5353623302034536
2.7008836193028705,0.5132743785079157,-0.8500294888974828
0.4492129958708283,5.592682418071742,0.28828540726668517
100083.45855698266,-0.0317546100324717,nan
0.7948841747021302,0.5100933205269882,0.0611831822944775
3.049357371755396,0.20300644789622246,-1.3706644335530829
1.2179759078806687,1.597658981975499,0.2808379561506822
0.8047479359208892,0.9082191776067413,0.20506063112609452
0.5409014983391107,3.2068704943771893,0.5837024794161934
0.9013700381478705,1.9244050522828047,0.5451104451907013
2.218538287378454,0.6248683509348004,-0.2855580470978707
0.8883205072965203,2.4734592517999685,0.7693991487360774
0.44278019710747035,5.67393402050981,0.41761889325962476
1.786564682542396,0.6149300383038548,0.14219830299923908
0.6660001348020653,2.081522643432942,0.24645754424925703
0.4335403497079957,1.4278698829835972,0.5008231435185239
0.5675254286407753,2.179219757801825,0.22785119084432354
1.3736899692397444,0.7997527195136515,0.09029073301429014
0.4472337367245226,2.7653607623762997,0.299808399085647
1.1192610228241067,0.7570154263473869,0.4183632231976133
1.76910166382699,0.41314047885846655,-0.20467695736717195
1.6341408661189567,0.8483322275712405,0.3285550561702195
0.0,0.0,nan
0.7340740631367422,0.5523490455112767,0.3629352612564001
0.5193737201809331,3.3397936552966665,0.20249055878583738
0.4403944674213252,2.8083064585044317,0.43306408576030625
3.54772246260388,0.20601597679835185,-2.1240356110988654
0.7695607400931964,4.760588028030089,0.7058873746658574
3.3224477651921154,0.3306635246994122,-1.4240605736015348
0.42118412689005535,2.6083895819627796,0.5507112262305045
2.1170719305566976,0.2412887424338321,-0.5137172501274095
1.1839206268940823,0.8188053617506822,0.33140456624211095
1.1100558221976,0.8732899173205195,0.08486289067743036
0.9702251499589367,2.589404762474406,0.644826986069727
0.8987747906696291,4.076173123859117,0.45653092193505407
1.4201667458785605,0.43589191917267867,0.07760271100365551
1.1315432232605596,0.6459209807617677,0.03504179579024852
1.399182824948693,2.104399029679634,0.700481167219415
0.8320714580038004,3.01933878371855,0.3868909339344728
2.356139497078578,0.41143597753447175,-0.20415605193001207
1.2008201986302736,0.2517286703019594,0.1917193495680815
0.5764558296768975,3.8116096051414043,0.3264766608335921
0.722665100911256,2.4002834137151963,0.36222666705790885
2.4375654572127767,0.7116120924077781,-0.10719806423751832
0.23925961160364212,5.1691241110837804,0.28245426067853546
0.6015834758693732,2.8833921225668018,0.21074702334494053
2.8661654876354374,0.25500534135095204,-1.1128221914094842
0.6322089977713758,3.9738530024601677,0.5264350474500853
0.7417889345333902,2.623266617315281,0.3320784777168596
0.6399359846585454,2.7105852725466724,0.3687300211362657
0.5344372743386109,2.055643087446866,0.3759445261360692
0.689047786271969,3.646054270878248,0.7748443519212898
0.35630686047680676,4.351859546953911,0.4235460562139162
2.2911314404036602,0.3698163472619988,-0.4847302273560451
0.4640950451354467,5.413342913934571,0.5709040708148013
0.7713995079154827,3.817009148894923,0.6275935583705511
1.823151830665675,0.22239788331842855,-0.3878878980551349
0.6615365637170407,1.8695302648122836,0.5221491420127221
1.1330301068951814,2.5987296906302197,0.6210623121992319
1.6123742865702664,0.9616857731646742,0.16721561094359705
1.279706894653802,1.0832905307546412,0.5691915740638255
0.3632833275639878,3.4044023859891754,0.4813939418756154
0.35879155979512245,3.8637875481560773,0.3469534020512259
1.0613024058931408,0.583282582767039,0.16319912267060765
1.4660425657592222,1.3273217261925687,0.41627288453967004
0.8663200618301338,0.34892516656529204,0.36521909534541896
0.9333202513730021,3.925299639368374,0.7336593462510751
0.8350187231297723,1.6601955413932,0.5913412809397168
1.0002667923313266,3.662584496673097,0.6615452859306501
0.8595246021357649,1.6128617583198868,0.4032403877438415
0.38504923909243544,3.2119596705709323,0.5658985165987608
0.6065692956976552,1.396869024523687,0.36500401087285955
1.5077028013926737,0.2004910195787359,0.006597129016080783
0.510962902536647,4.300164584215841,0.4660250359784559
0.9775772030510531,1.1238112808270302,0.29548972198630064
0.37212900378842956,4.166827623285027,0.31115801214009764
0.9138544972852245,2.7491308861962036,0.5187623223817571
1.1018581615740675,0.997054182635158,0.15604246998439442
0.9232203158988641,3.189313459051949,0.6569362470443065
0.9898006444403722,2.219865777697607,0.43908392550406605
0.8594923483834355,1.1278757268885375,0.2818102951524261
1.2973014304225878,0.7472438821502936,0.20371088512882668
2.4359041860617374,0.4510080055506197,-0.4007695065372163
1.141852905687317,1.9242623689901996,0.5020399673145046
0.38538021844064296,3.5972120383584523,0.48504060774031826
0.5413279595576818,0.943652761227012,0.1656156014565705
1.049048848939877,1.6534988405363757,0.7105585084665246
1.280749776424752,0.4833412582232015,0.2519864353290086
1.0991440144123557,2.6788473034997593,0.5435374332699736
1.1023392036540784,1.765255324862739,0.4940797532480033
0.6459858361232954,1.7006755059230498,0.2932943215705841
0.6247513942421977,1.7584791307279743,0.383075565294432
0.815149553745064,0.4974119242847214,0.37774006770867086
0.44331938901286894,3.4976981626358663,0.48535342245661406
1.7613350884776964,0.702173388379975,0.113872230101836
0.983595904448203,0.5193450089166076,0.12970762413294704
2.125099586387003,0.3439309448012336,-0.47986834244229637
0.6749553831138805,2.297333203355673,0.2227078091444895
1.0418251658179305,0.38918728536360137,0.23346854358517022
1.3639486586961063,0.22162188433243882,-0.056528197472590525
1.0670661756926487,2.354404704418018,0.7544620789347619
2.0176799439121025,0.480453086780712,-0.14182329300666474
1.201157925666519,0.7054008821671308,0.4173989449265623
2.3788097839690323,0.04207291361900903,-1.017262523968051
0.8494031525516269,2.5867864638077993,0.36552588288775956
0.5245602431921191,2.094349129439734,0.4609249721719141
4.9347918647630875,0.0821645814494002,-5.179828896453347
1.136068579268127,1.9340598071568054,0.5394609519996463
0.0,0.0,nan
0.7979707272333864,3.6899085125277598,0.49304868079348263
2.0920774024352626,0.7411759290579826,0.051046139252550304
0.37640308967849967,2.575431987064999,0.4257374738412534
0.41069836523040304,2.3603711123716473,0.337195495584756
3.1785682597088436,0.2665658847498892,-1.259900808691423
1.6085846492793912,1.2097032940896435,0.38862667997446854
1.2509360359639203,2.3537885987092655,0.7695823776358712
1.0007220322683374,0.968701123718404,0.31926764422421144
2.2008525243651045,0.7881496084743338,0.14391025247698364
0.9947244138028282,3.6829915857034825,0.5047235600636208
6286499,1.96677812087874,0.2662186528008589
DEBUG: 0.5940853211669416,4.228863320577049,0.5293152453375218
DEBUG: 0.5751075163279851,3.016133516152586,0.5353623302034536
DEBUG: 2.7008836193028705,0.5132743785079157,-0.8500294888974828
DEBUG: 0.4492129958708283,5.592682418071742,0.28828540726668517
DEBUG: 100083.45855698266,-0.0317546100324717,nan
DEBUG: 0.7948841747021302,0.5100933205269882,0.0611831822944775
DEBUG: 3.049357371755396,0.20300644789622246,-1.3706644335530829
DEBUG: 1.2179759078806687,1.597658981975499,0.2808379561506822
DEBUG: 0.8047479359208892,0.9082191776067413,0.20506063112609452
DEBUG: 0.5409014983391107,3.2068704943771893,0.5837024794161934
DEBUG: 0.9013700381478705,1.9244050522828047,0.5451104451907013
DEBUG: 2.218538287378454,0.6248683509348004,-0.2855580470978707
DEBUG: 0.8883205072965203,2.4734592517999685,0.7693991487360774
DEBUG: 0.44278019710747035,5.67393402050981,0.41761889325962476
DEBUG: 1.786564682542396,0.6149300383038548,0.14219830299923908
DEBUG: 0.6660001348020653,2.081522643432942,0.24645754424925703
DEBUG: 0.4335403497079957,1.4278698829835972,0.5008231435185239
DEBUG: 0.5675254286407753,2.179219757801825,0.22785119084432354
DEBUG: 1.3736899692397444,0.7997527195136515,0.09029073301429014
DEBUG: 0.4472337367245226,2.7653607623762997,0.299808399085647
DEBUG: 1.1192610228241067,0.7570154263473869,0.4183632231976133
DEBUG: 1.76910166382699,0.41314047885846655,-0.20467695736717195
DEBUG: 1.6341408661189567,0.8483322275712405,0.3285550561702195
DEBUG: 0.0,0.0,nan
DEBUG: 0.7340740631367422,0.5523490455112767,0.3629352612564001
DEBUG: 0.5193737201809331,3.3397936552966665,0.20249055878583738
DEBUG: 0.4403944674213252,2.8083064585044317,0.43306408576030625
DEBUG: 3.54772246260388,0.20601597679835185,-2.1240356110988654
DEBUG: 0.7695607400931964,4.760588028030089,0.7058873746658574
DEBUG: 3.3224477651921154,0.3306635246994122,-1.4240605736015348
DEBUG: 0.42118412689005535,2.6083895819627796,0.5507112262305045
DEBUG: 2.1170719305566976,0.2412887424338321,-0.5137172501274095
DEBUG: 1.1839206268940823,0.8188053617506822,0.33140456624211095
DEBUG: 1.1100558221976,0.8732899173205195,0.08486289067743036
DEBUG: 0.9702251499589367,2.589404762474406,0.644826986069727
DEBUG: 0.8987747906696291,4.076173123859117,0.45653092193505407
DEBUG: 1.4201667458785605,0.43589191917267867,0.07760271100365551
DEBUG: 1.1315432232605596,0.6459209807617677,0.03504179579024852
DEBUG: 1.399182824948693,2.104399029679634,0.700481167219415
DEBUG: 0.8320714580038004,3.01933878371855,0.3868909339344728
DEBUG: 2.356139497078578,0.41143597753447175,-0.20415605193001207
DEBUG: 1.2008201986302736,0.2517286703019594,0.1917193495680815
DEBUG: 0.5764558296768975,3.8116096051414043,0.3264766608335921
DEBUG: 0.722665100911256,2.4002834137151963,0.36222666705790885
DEBUG: 2.4375654572127767,0.7116120924077781,-0.10719806423751832
DEBUG: 0.23925961160364212,5.1691241110837804,0.28245426067853546
DEBUG: 0.6015834758693732,2.8833921225668018,0.21074702334494053
DEBUG: 2.8661654876354374,0.25500534135095204,-1.1128221914094842
DEBUG: 0.6322089977713758,3.9738530024601677,0.5264350474500853
DEBUG: 0.7417889345333902,2.623266617315281,0.3320784777168596
DEBUG: 0.6399359846585454,2.7105852725466724,0.3687300211362657
DEBUG: 0.5344372743386109,2.055643087446866,0.3759445261360692
DEBUG: 0.689047786271969,3.646054270878248,0.7748443519212898
DEBUG: 0.35630686047680676,4.351859546953911,0.4235460562139162
DEBUG: 2.2911314404036602,0.3698163472619988,-0.4847302273560451
DEBUG: 0.4640950451354467,5.413342913934571,0.5709040708148013
DEBUG: 0.7713995079154827,3.817009148894923,0.6275935583705511
DEBUG: 1.823151830665675,0.22239788331842855,-0.3878878980551349
DEBUG: 0.6615365637170407,1.8695302648122836,0.5221491420127221
DEBUG: 1.1330301068951814,2.5987296906302197,0.6210623121992319
DEBUG: 1.6123742865702664,0.9616857731646742,0.16721561094359705
DEBUG: 1.279706894653802,1.0832905307546412,0.5691915740638255
DEBUG: 0.3632833275639878,3.4044023859891754,0.4813939418756154
DEBUG: 0.35879155979512245,3.8637875481560773,0.3469534020512259
DEBUG: 1.0613024058931408,0.583282582767039,0.16319912267060765
DEBUG: 1.4660425657592222,1.3273217261925687,0.41627288453967004
DEBUG: 0.8663200618301338,0.34892516656529204,0.36521909534541896
DEBUG: 0.9333202513730021,3.925299639368374,0.7336593462510751
DEBUG: 0.8350187231297723,1.6601955413932,0.5913412809397168
DEBUG: 1.0002667923313266,3.662584496673097,0.6615452859306501
DEBUG: 0.8595246021357649,1.6128617583198868,0.4032403877438415
DEBUG: 0.38504923909243544,3.2119596705709323,0.5658985165987608
DEBUG: 0.6065692956976552,1.396869024523687,0.36500401087285955
DEBUG: 1.5077028013926737,0.2004910195787359,0.006597129016080783
DEBUG: 0.510962902536647,4.300164584215841,0.4660250359784559
DEBUG: 0.9775772030510531,1.1238112808270302,0.29548972198630064
DEBUG: 0.37212900378842956,4.166827623285027,0.31115801214009764
DEBUG: 0.9138544972852245,2.7491308861962036,0.5187623223817571
DEBUG: 1.1018581615740675,0.997054182635158,0.15604246998439442
DEBUG: 0.9232203158988641,3.189313459051949,0.6569362470443065
DEBUG: 0.9898006444403722,2.219865777697607,0.43908392550406605
Warning: R_obs out of bounds: 1.0
DEBUG: 0.8594923483834355,1.1278757268885375,0.2818102951524261
DEBUG: 1.2973014304225878,0.7472438821502936,0.20371088512882668
DEBUG: 2.4359041860617374,0.4510080055506197,-0.4007695065372163
DEBUG: 1.141852905687317,1.9242623689901996,0.5020399673145046
DEBUG: 0.38538021844064296,3.5972120383584523,0.48504060774031826
DEBUG: 0.5413279595576818,0.943652761227012,0.1656156014565705
DEBUG: 1.049048848939877,1.6534988405363757,0.7105585084665246
DEBUG: 1.280749776424752,0.4833412582232015,0.2519864353290086
DEBUG: 1.0991440144123557,2.6788473034997593,0.5435374332699736
DEBUG: 1.1023392036540784,1.765255324862739,0.4940797532480033
DEBUG: 0.6459858361232954,1.7006755059230498,0.2932943215705841
DEBUG: 0.6247513942421977,1.7584791307279743,0.383075565294432
DEBUG: 0.815149553745064,0.4974119242847214,0.37774006770867086
DEBUG: 0.44331938901286894,3.4976981626358663,0.48535342245661406
DEBUG: 1.7613350884776964,0.702173388379975,0.113872230101836
DEBUG: 0.983595904448203,0.5193450089166076,0.12970762413294704
DEBUG: 2.125099586387003,0.3439309448012336,-0.47986834244229637
DEBUG: 0.6749553831138805,2.297333203355673,0.2227078091444895
DEBUG: 1.0418251658179305,0.38918728536360137,0.23346854358517022
DEBUG: 1.3639486586961063,0.22162188433243882,-0.056528197472590525
DEBUG: 1.0670661756926487,2.354404704418018,0.7544620789347619
DEBUG: 2.0176799439121025,0.480453086780712,-0.14182329300666474
DEBUG: 1.201157925666519,0.7054008821671308,0.4173989449265623
DEBUG: 2.3788097839690323,0.04207291361900903,-1.017262523968051
DEBUG: 0.8494031525516269,2.5867864638077993,0.36552588288775956
DEBUG: 0.5245602431921191,2.094349129439734,0.4609249721719141
DEBUG: 4.9347918647630875,0.0821645814494002,-5.179828896453347
Warning: R_obs out of bounds: 1.0
DEBUG: 1.136068579268127,1.9340598071568054,0.5394609519996463
DEBUG: 0.0,0.0,nan
DEBUG: 0.7979707272333864,3.6899085125277598,0.49304868079348263
DEBUG: 2.0920774024352626,0.7411759290579826,0.051046139252550304
DEBUG: 0.37640308967849967,2.575431987064999,0.4257374738412534
DEBUG: 0.41069836523040304,2.3603711123716473,0.337195495584756
DEBUG: 3.1785682597088436,0.2665658847498892,-1.259900808691423
DEBUG: 1.6085846492793912,1.2097032940896435,0.38862667997446854
DEBUG: 1.2509360359639203,2.3537885987092655,0.7695823776358712
DEBUG: 1.0007220322683374,0.968701123718404,0.31926764422421144
DEBUG: 2.2008525243651045,0.7881496084743338,0.14391025247698364
DEBUG: 0.9947244138028282,3.6829915857034825,0.5047235600636208
