1.0911872041536728,1.2533584471503947,0.32602387864708987
1.353244124457427,1.6962615052735557,0.3411032487294279
1.1580941881208022,0.3285796299335362,0.11133602579239732
0.6594891776345296,2.6331943658582677,0.4116792727017744
0.9033723338053463,1.0496058635923546,0.22538525628497474
3.540092023301906,0.25602072483151705,-2.0432655213376103
1.0036582563414564,3.828005379851117,0.8168952805024611
0.8799348718651545,3.3283833552158995,0.4435628196044874
1.0819106743355653,2.7511290528866557,0.5914523121448523
1.5877150547631633,0.6596072348501998,0.05697889443676074
0.8777275215339115,0.6198194439892903,0.18221972240772194
0.5686352593646639,3.9134335684522625,0.3902150081763913
0.40101012153284854,1.8027509540757547,0.4891015293587164
0.6942843821643788,3.5325310572622257,0.5432805577383361
1.1095814680908171,0.9113119196335883,0.35680282570676763
0.8882516822566536,2.0815247750172823,0.5929589510759357
0.6955872969725342,1.231822261921266,0.3681275485850262
1.0386040711758067,0.38638416885326377,0.2543211781381213
1.2698041463669796,1.1090802923408014,0.36652436379128234
1.3322492201321867,1.0606662851774966,0.3111075005455448
0.5742191299145684,3.910293345861735,0.3312268311213473
0.38330435390323936,2.701767695288951,0.5177460543989768
0.8583873194070346,1.53999733067635,0.565329985412263
1.781451739438648,1.1482644120761722,0.4166841930150357
0.8594999758450975,1.5275297871823152,0.571946507205915
0.7050870668675339,3.0467090534501127,0.5993900223088532
0.5736509997413233,3.698690924222843,0.5455757591354284
0.5119935450574935,1.989981197303031,0.35676525878857707
1.3500849876578245,1.1433995259434462,0.3129269817336054
0.8609331469218013,0.8688633231433235,0.39966499450654036
1.069904824500537,2.1204536042516233,0.40015529473078276
0.5704804732163734,3.160295659358063,0.30436959489588616
1.065434887369135,3.329298989865228,0.6202212373447104
0.9185888699639254,0.8356220185028524,0.07125983608647221
1.0673495052389859,2.8898947881617083,0.42766222304285995
1.075565653024051,0.7504342533531253,0.11187640557754763
1.7765207191252432,1.188466243442074,0.49235116266981116
0.6495709117615059,3.6982365142327596,0.672565893645954
0.5883430757089674,1.1883427093582448,0.27017180705203814
1.0552143423765652,1.2484735041139232,0.29533717512245505
2.3012925350831517,0.6821228690410139,0.10608434212972129
0.48669293639908845,3.658221105888687,0.5559245922590639
0.676137357075788,1.57787996653163,0.45882226683663674
0.3727910707893899,2.5135614325610183,0.2984957769986389
1.4417807578640933,0.974594075794447,0.3843994763379584
1.3318609871047664,0.6406504596594713,0.10074008712839105
1.365671161731989,1.012815035043429,0.4051276449645488
0.5660632807965648,1.766060640324802,0.3897163354033944
0.5039137587789642,1.1784925539669613,0.3081341815605739
1.5464851931724897,0.8773875197036785,0.2160502287726177
3.1950717008309466,0.26073048846900726,-1.2981431395231342
0.6793589818296875,2.3418428812959515,0.33878597721103537
0.7971576377710415,3.9785892773786182,0.4198282739753065
0.9741963718194495,2.0427758969160363,0.3955640924332577
1.774647828542431,0.6993324435580606,0.268873564467622
1.708142925103339,1.3598551860573365,0.484275116319111
0.970348460596986,2.503056444474554,0.6041384816042276
0.5958311400844581,2.374264270253635,0.35070358397100254
1.2473095425483152,1.4789186004245334,0.5572768533160724
0.7247527395956895,1.3203075125095938,0.22692804100664493
0.4599143292009165,3.589377926865109,0.30108350732534145
0.754930975722988,1.88021971426073,0.3361029523968729
1.0428742329419098,1.2361323848510986,0.5172808317210745
0.9584835480029524,3.958823523452708,0.5273792154391151
1.833671894622407,0.46923753193748485,-0.048782826855434114
0.5820457931932199,1.629055496419395,0.30457308659083426
1.5083512664338012,1.2750652532186604,0.5158150311116116
1.096857224080569,2.1289845958144986,0.5795090364836012
0.42217876150808126,2.3529240307269506,0.45659500421702304
1.1164300931594366,1.329676854768477,0.33969683769374776
0.6925863821713675,1.3744340682272522,0.2460734347884495
0.36387257003106793,2.450704877847893,0.3201959270499037
0.8420559452952431,1.3983763412534107,0.36412352637467993
2.957783546313898,0.3673859230269102,-1.0718715077952417
0.46847142210392784,4.0202874779758915,0.5114604744728651
0.7375278619236108,1.2671555155524519,0.3598593163841248
1.0642205168534131,3.2424037383727717,0.8178289291654993
0.8915364035125349,1.4743188945671875,0.27149248136694637
1.313823831998896,0.5545714701267489,0.26387498884789756
0.8905825117450592,3.099584036049106,0.507608560337343
1.1753520536881104,0.9853811905088188,0.3424466004009671
0.7610214064088722,2.421153832797797,0.5449876487627948
3.2551152728288684,0.2698661918946468,-1.5084507137039218
0.7342348638856967,0.8177350095141084,0.2674841467072592
1.388757937359464,1.0605985736979988,0.515226998550997
0.2738937924021823,3.3492579741524224,0.3848251072280581
0.7646205686879539,0.48547545245936163,0.3652301217726504
0.7920448973711401,0.5316805665600597,0.263023404635616
1.1595300804477235,2.0032486042380397,0.7031649510024525
0.4288188926649469,2.3372251634779406,0.4574255114436492
2.2415575101606975,0.30638470000142065,-0.731247563331014
0.7001351688437999,3.0990448963834893,0.5165441295068413
1.1269763615366688,1.213555799771696,0.4264821211592133
1.2824669854919735,0.7412826262215936,0.36625872057292336
1.7463674050833615,0.3913339883418983,-0.156263673289893
0.4784339372099,1.245816467912366,0.36221987777650466
2.3498876667905617,0.7216989707232155,0.17381419118664132
0.3673216352569778,3.9741366692035864,0.5325986699119488
0.6946980536829953,1.5451850696348395,0.18751653455856604
0.3157292669101396,2.6123005093076657,0.1618943871111575
0.5901147568753939,2.446177581891366,0.521519906167539
1.9877693679476356,0.6604950435177717,-0.03420856458064858
1.7679072618001248,1.0904126653216708,0.18564665493006438
3.0897202759460396,0.4129479977690128,-1.0335166213035447
1.8297571887958377,0.5161677268569176,-0.10280448612919324
1.1078939307579538,3.193451118302809,0.7674025622847022
1.463974406506517,0.45155628652368746,0.19517982392335065
1.3454468851725556,1.8356996653570925,0.7043645077621142
0.8776436696960054,1.2036657868354146,0.3935365019578404
1.3039298084042399,0.9875186055536105,0.39004735014789405
1.052854688255241,3.2615965363423953,0.4602409503657474
3.0655792079745017,0.39139771248811966,-0.9674753133657468
1.275335227123175,2.0970297573801084,0.6694485434970757
0.5959185571335432,2.3712499205349613,0.4733170552582057
0.7753966316755654,3.0480958759046435,0.6709079482468372
0.4543237971373253,2.4623703953835627,0.49567996333167635
3.2863112239112438,0.3549374376108614,-1.1412567203740704
0.9332994259142202,0.3755987503009758,0.08862375906302736
0.6579021074750231,3.5924543307385153,0.3903708091545606
0.9025716602804245,3.7865110810086064,0.673628119011816
1.7876240969221824,0.5793160444762434,-0.17698729616623965
1.139943976023654,1.7582626456812276,0.6165170648773025
3.4159051769460715,0.26532847922503516,-1.8109953576714686
1.13254574053629,1.676532845816424,0.443785468033156
1.743187516521766,0.8006573353090756,0.032498332846029876
2.332456540773638,0.5445084796690974,-0.10252587166523375
0.7282290863465605,2.2898814046992824,0.5263030867731963
0.8486113785574508,0.8612746977128962,0.18309205288527333
1.0003317046160416,1.7617357379008665,0.3261552379494704
1.6697623040195766,1.188999760050957,0.4104005724620936
0.6993249732239774,0.69093248433626,0.11401877201434386
0.5051143749716517,1.3975537834952814,0.4176402768777767
0.7968571854597578,3.7284870688815324,0.3680969438028092
0.45461746164027095,1.8064470744693477,0.18716018640301224
0.5761953932726729,3.677821887172898,0.2660798576521962
0.4044747340400188,3.190823575594606,0.20416045375580494
0.8743134981998943,0.34105621229013733,0.2994801497432349
0.7102294945339456,1.272685201002697,0.3419637635592477
0.854867895531976,2.4546774787985424,0.605578220471583
1.979966478881295,0.6038737495710234,0.1198881728108041
0.6982498588175117,3.7604612739717385,0.5305840714484231
1.4035362464165388,0.7508031732846068,0.2718674046858019
1.0369622694803737,0.3261321820878983DEBUG: 0.8486113785571.3879366208570063,1.7646050563177507,0.469379499442087
2.121877842801846,0.8457975964165757,-0.04828035875542347
0.7817243199566491,4.0163470101878875,0.5011652848201317
0.7879470359446743,2.1330382322442785,0.3040526416243554
2.0871722494987766,0.8143717282600981,0.07578011790491312
0.5238644035678011,2.1124328282654927,0.5510546584930524
0.7922021995793863,1.747953481593931,0.5409433610784434
1.2057744057070117,1.554760027817604,0.5138519837916621
0.5998422067867556,1.270043647593827,0.13490416167418906
1.5643116899112202,1.429851298889344,0.3487996415218556
0.8351158578094998,2.028465857688496,0.304521936511461
1.129959741197132,0.45396265747152914,0.11864579811758613
1.5028209134884043,1.0515698611805726,0.3581220580890992
1.6839618816054864,0.9269938559333,0.116525099094273
0.5368232962504931,2.6471113483410473,0.5092365673465166
1.1096573205201945,1.1885725106121223,0.2418727565258889
0.31822247830817235,2.588126625548404,0.4131323770984385
0.6413778193458614,0.671256572624347,0.12780092243423902
1.415036930839068,1.3156852199401052,0.5169003813569191
1.1067211010765043,3.1644733180991507,0.5406396524622884
3.4761771458717203,0.27886972283312883,-1.7341040784845099
0.7017406847252898,3.107512440432945,0.43118824703069525
1.1593062640587493,2.5352992011260302,0.761617763573321
1.1543725773580327,2.7362880506650415,0.8094547500347167
1.2112038492967174,2.763203990426276,0.5303872062087981
0.4751932105247477,1.7705483180943449,0.18547131922021756
0.5608393356704178,1.0085094604589504,0.4754249525846172
1.2827124141822377,1.9173847065055258,0.5053826787960976
0.8858921247925001,2.667913179332342,0.6554597871210451
0.6020268237337003,1.7721196934996442,0.5316030960378988
1.2644540322357243,2.406948168631821,0.5635858797534757
0.9805014843756574,0.615694848498561,0.11583995429635757
0.5508435994316259,1.360059380197397,0.42553595796330956
0.4938986536840919,1.8276630738886896,0.31794675439793313
0.4168504673147498,2.664381185547391,0.43933428046983336
0.816368932451404,0.7394814879377106,0.22435472812077573
0.6606882544503917,2.6795397133505814,0.3516060877608037
2.2092673527469695,0.5424676171829035,-0.19377986608408992
0.4813148283035642,1.516155521485926,0.2379153348287065
2.420686256400445,0.5337683308660632,-0.2823607902972023
1.4724207493019053,0.660928952686106,0.07162877507206944
0.45832654131409534,1.2933311554525357,0.27172817803732696
0.42774007928130753,1.9172025053100152,0.3134413576198061
0.26417347835282257,3.9495691522974767,0.2897519089960109
1.874755458511173,0.48931233356821835,-0.26327116078848334
1.045752886071863,1.6419384515069337,0.4805752549585699
1.0060681207685345,0.8671627620982375,0.1455243307923619
0.6649240769519215,3.342454457124618,0.4969968937530658
1.6915419746042124,1.1264200987471653,0.31521438431256554
0.5232691900914147,2.250297044446538,0.47155645152542786
0.9739045413816242,0.9318747509051554,0.3214753984758306
0.9161220857080571,3.243095825416918,0.6810879484332558
0.4128874387368556,2.635037514804245,0.5431601278913594
0.9588227082629954,3.7585187133799147,0.6495146263722701
0.8922558717071956,0.6436261820967019,0.23680877098622918
1.1668988394070494,1.5681749807244483,0.4563259420082632
0.5238996629575301,2.5694865310010746,0.22679027000403543
2.347186405379563,0.361491792167817,-0.7182846580407736
2.5668921278764265,0.3226944950014176,-0.8611038827591305
1.699771413262014,0.47485285460260424,-0.15631208793696316
2.0582520084538674,0.47709191144188234,-0.24656737112253746
0.8554771624944075,3.2800583555230207,0.42486672240708473
1.2979756235616826,0.5377806344939756,0.21477115514111633
2.112544872857065,0.4994375100512104,-0.31754956862749983
1.2600809429869646,0.6036705660520718,0.1692190789725191
1.0593778449572515,2.993797581394875,0.5732500255624302
1.0849099407527802,0.5493920328268657,0.07528023194018191
0.8363319084617868,3.7541030103988953,0.6381341921927701
1.303960025143705,2.2784990754640724,0.7191667213795322
1.3934300735988052,0.6252358571696006,0.21933301807533906
3.17304473272985,0.3300515514955796,-1.2252166610519437
0.5697048803276222,2.4033401506184346,0.39905254489120184
0.5276349464832976,3.5162862931206886,0.5491539107870604
2.834751015131711,0.3740403068801063,-0.6995031178708473
0.3175942111389833,3.244498242950155,0.3449461153056019
1.2698867543984345,0.5999163166711435,0.08849347461959872
1.3795029342976095,1.2994787457408719,0.5609459966780853
0.6719382822087306,2.7803166067380864,0.30821757891244633
2.4270634515458944,0.6095924459874522,-0.18386924715609565
2.283454502047264,0.3648211972273891,-0.6880751448322271
2.966827553352946,0.36225708400192913,-0.9688765625570968
0.3675443282575262,2.7026795867705395,0.4471897615176955
1.6757088573218215,1.3029782551476254,0.25790434075714497
1.1179002924712185,1.4668063627612358,0.226791728634073
0.5735177366991204,3.745647279297465,0.3839622248432237
0.723944527201135,3.0856908978292727,0.36812534305644573
0.37264690118487637,3.860702911479262,0.38641265272665537
0.9918752442666333,2.5401732941635387,0.3728564538689233
1.0129605072518515,3.483785553611415,0.7770161437584432
1.5462506286841122,0.9676005391776851,0.33366063309594474
1.2457173225773928,2.530525144867515,0.8476690490148127
0.995368209569228,1.4212434889991608,0.26455569103820276
0.9861413125907378,3.578530922988974,0.5582747475675911
1.239138242380167,0.49691318571328347,0.26264858359863585
0.6733111403068823,2.515930456770278,0.3625139593479071
1.0989642877391694,2.004425935426101,0.40423314838500113
0.5450316435394542,2.7054637170921763,0.5840909888115181
0.9860834645199154,1.346683080152709,0.4209490414044387
2.687007973467614,0.38540984286805924,-0.6610389891172307
1.6282284438299683,0.7087768409691538,0.2509618243055701
1.1328372944974092,1.827687772775573,0.415295882507605
0.7360214639168315,2.5677939952316775,0.6252213284049448
0.8019740152290319,0.46157327056621533,0.22242144476554288
0.920287403210617,3.49655587212103,0.48434764680713716
2.6465871538423875,0.41409835887195584,-0.5534211752929119
0.6345002180171303,3.4498315675753553,0.43695503802568625
1.390640024729285,1.0831111691895239,0.3694948094250537
0.8367539012409498,1.450804553416141,0.32470107351953403
1.680902424558988,0.7564409459143857,0.09853054992465404
1.1376524430471529,0.9540023081587521,0.3413729637232788
0.3772622074633763,3.9481256481268825,0.24505486331407547
0.9386693614242406,1.5309615350743488,0.5411890308600866
2.2730132317677483,0.3659763642866891,-0.27994461372498725
2.218110543852169,0.4376043531320385,-0.2024099843997197
0.5831051828516687,3.516549951044081,0.5091183007600101
2.4454241077770136,0.3852022225383927,-0.66885497116178
0.828416326126911,3.2233553207877383,0.43472384484624554
0.4280358331256925,2.3983226887316906,0.4696260737404555
0.6168257124250494,1.9315802240431552,0.4487040156229251
0.9341335514452657,0.3995944701485689,0.2921992824248127
1.2513277716500055,1.1066106133449312,0.3624183401343709
1.7417933255060694,0.8287581929919574,0.32077478782794533
0.9440645313227877,3.5861468354876678,0.6419315875292275
1.8901265832363543,0.6310941224371465,0.06983888907709423
0.8072186061522351,2.6579249211107325,0.38875577229372177
1.3830556091991875,0.3234231617792043,0.0847263960892004
1.264559945609246,1.9838581285088226,0.42633850333478
0.8178861927289524,3.4888878328026367,0.4620731180453118
1.469306897492159,0.5742360419510545,0.2459931273279603
1.2842843282240113,0.37210770480112815,0.10542026813793964
2.443087108270745,0.6269389295209999,-0.34696232284666517
2.105946940724153,0.7605405766075928,0.055104540609838715
0.8497831898090844,1.3323738490537398,0.36821903337899065
0.9053229338026145,2.9771932306464928,0.40565626159889623
1.135323566904203,0.9512986653602507,0.396239686088545
1.3083374479118042,2.0796794182187646,0.7571406365031473
1.7615909154804275,0.4986660382594322,-0.15388591753660474
1.116000630849631,2.3178206827075454,0.42999771130133846
0.2967913670095065,3.5023989272841343,0.3148040879496121
1.1248871622698493,2.9161969783329447,0.6314195488421408
0.6567144340265917,0.9359418057397777,0.10782968027259315
1.208468828999948,2.4720240623464207,0.7097327573339968
0.7346DEBUG: 0.9386693614242406,1.5309615350743488,0.51.1042097521670735,2.5930386114307518,0.6273564680245647
2.8616151098746867,0.34491902242733563,-0.7445737096346232
0.5504107056719358,3.0296617162458688,0.5386307636769402
0.4857973041837689,2.078844478528384,0.24853853688711594
2.216207346188929,0.7907014015386348,0.23298937788802276
1.872041378689762,0.8546116980265115,0.3947196594341297
0.929578650568269,1.4155955573122523,0.3536940419429301
0.9673032252333504,2.939979592826464,0.6365400516397848
0.6983504317967584,1.3453226999088137,0.37882476194699405
1.4177353952310792,0.3625690017623943,0.1478485967242571
0.6750768643516278,0.722031148609428,0.1244630102984248
2.027464662409058,0.733830005518392,0.1918308820760234
0.8178114814607165,2.4479163941901847,0.3325865280747997
0.6517261883537994,0.7073433627853011,0.08479907334145968
0.8647669428400651,2.423610859348934,0.5194415905487614
1.7314461826451522,0.6399087248849402,0.0945906683094575
0.5175362012049588,2.499467765544645,0.27519283755228774
0.7388890242549822,3.6650296759147594,0.5431494359491759
0.6829322715133874,1.1801604617516723,0.20786659913964067
1.589435861497842,1.4404203761922993,0.3278234155737314
1.1839271671959257,2.140443018558806,0.49781281754290296
1.1116764807801005,2.5581648900817306,0.581473309793503
0.5760372833010102,1.070837161964873,0.3783008327285453
1.4016696257241146,1.0674076933397598,0.4725910194915083
2.3935517651864107,0.6335135556385155,0.0009725980601822393
0.6812809363056703,2.2158069779159897,0.35594005728488953
1.742505551912903,0.42534294965362546,0.03214222216904472
0.36117307890082184,3.739859121569132,0.29085128429365825
1.1371976213764248,1.8680806263237806,0.6150350127748722
0.41325922176886437,3.2389877692411617,0.34300296301928235
0.8698321165219882,3.996286896986979,0.5244119141114424
1.1489968045335208,1.5147958238360153,0.2730476673091637
2.2837445427865735,0.5077384172961905,-0.13224760064578156
0.7604301604352709,3.133382858443656,0.65006035287445
0.7569991143901128,3.600064556759389,0.49409043173474765
0.5837076370991531,3.4667584610452993,0.5098169599720378
1.6282465262806864,1.08974144754927,0.302942113712255
2.1396087065949345,0.3257135419342968,-0.5320845369507102
0.803070588475959,2.817700630453119,0.6010529052115484
0.5148823742394445,2.2280911161497072,0.23968200946052537
1.4639473809708914,1.5866875035415706,0.5313216307107749
1.5810608613935864,0.7058687789622028,-0.049104046385944344
1.4653986039813751,1.0569593692704766,0.29492400049764905
1.0207352890264738,1.6577255854869144,0.41699786924585375
0.9218514607818524,3.574111956338274,0.5559080202455524
0.929733891414231,1.6437489988939549,0.59383201960717
1.0194607085885603,1.370595223814775,0.2357138293957612
0.9301207695717643,1.2659765811430925,0.5318452955636273
0.5713184951493187,2.437442747201649,0.34189445548847125
0.5188730903362724,2.6477397375883234,0.5548164530381436
1.155475184436061,0.7076827907825621,0.10869789763086896
0.6722102953379545,0.709352472034087,0.34740662489820384
1.5888669928473025,1.3436666315201844,0.6380168739976385
0.7709678525329932,0.9273761229986303,0.25776927694310614
0.845553602722832,1.7187110456078578,0.2403982026671881
0.9521487163518824,3.847677976363217,0.6758077834093204
1.0433910225559604,2.140970153879246,0.41946059211494496
2.2062655370661286,0.5896755198095454,-0.31883743656946406
0.6277345696888936,1.6683298763064645,0.4190105478435445
1.1217167627523983,1.5516355098746895,0.4674120310528655
1.0658800371679347,1.7608544679330569,0.5347158231126021
1.321765430377713,1.0370538649363048,0.24931759731502218
1.0531153215232756,1.75163084731642,0.49662296669983785
0.4894377856746715,3.621201069190579,0.3335985507900493
1.3153243832291839,0.9326629523571918,0.3940057338977764
0.43800640884660813,3.3515010445903743,0.540461867661033
1.2027072499764169,2.0139056153988073,0.5860247973924572
0.39328449427058254,2.8240333867216307,0.5227981229194127
0.6619809932134313,2.257590059285249,0.22249685154907417
1.3415600425662717,1.4055080983150001,0.6302543641763636
0.9833312642218505,3.944899124708411,0.6159909617061485
0.6313195543309215,3.7947746414443824,0.5980948879784009
2.9446689737961207,0.36587859035180614,-1.0163826615825264
0.46970085984135546,1.877929727447749,0.1914260321044875
0.5166193705111222,3.1882456071497467,0.30466652028618274
1.1318899358072534,0.8007288492494941,0.12163074540064261
0.5022450054042666,2.061940506517933,0.3868515249929703
0.6361462937249659,1.6016088403800894,0.375063301673999
2.3330496935210037,0.2833488066729217,-0.7563391594375557
0.858888464664862,0.550251203024601,0.28021433045530214
2.0496641877747717,0.42975725591215674,-0.1346115092930984
0.9383510899284749,1.9434309725542527,0.5122339848998473
1.0187505665763728,3.911822721063353,0.6864682186497186
1.3587117583546586,1.817778039882328,0.5520411087104609
1.0219092578420303,3.7716076024286598,0.7342428686402509
0.7052159504764393,2.2085993279848326,0.44974649282863444
0.5656323190185414,0.9846766892551937,0.235598211700125
0.8460830460895888,2.2784388344508777,0.3766510327771049
0.7015866490158552,1.4321731105629225,0.4109460167022624
0.9966663762786416,0.7539884710833077,0.36425191391967426
1.191799703019817,2.758494021960475,0.7414946063806394
0.5539955848107048,0.9626240336542394,0.21516808447052377
2.3788156034035928,0.3506941197463044,-0.6536608556997687
0.9492248316336229,2.7661956010153737,0.5738182619300258
0.925598863222861,3.567503447840079,0.6551134760408309
0.7922342258862717,1.699185775594883,0.22277166453881703
0.3922417467073752,1.745185242793714,0.4009421674189061
0.9192414830767597,2.217264423845218,0.6771124419839348
0.6491928334024613,1.5536524400609986,0.1990377483115977
1.9806028692097253,0.39926512397681724,-0.1450425053252311
2.4138556611144275,0.4047204962939956,-0.5044762419878143
0.9281553869562881,1.9760751589219663,0.5425378396182087
3.341896645976957,0.34656062967249557,-1.5343035461578074
0.8567138928909641,0.5013133759325512,0.1792624414075603
0.32933733067271664,3.4709366530065995,0.31118922618374456
0.5187262999800404,2.5454859925300553,0.38917742623353035
1.2389811190021613,2.565054286628238,0.4947066606546328
0.5606696371813094,1.5861762278281941,0.5338303088625623
0.9775390198210308,1.551188708196736,0.36373079316578366
0.979842087324349,1.7803264787303787,0.3390452491116219
1.0293137607997456,1.0881626912335651,0.13437136815201497
0.6222892891836093,2.3432074201407818,0.3906026558955318
0.8583581112302652,2.4841224812395817,0.5864123698096724
1.4576282374626421,0.1598823858608089,-0.3035135908720125
0.7904464240112625,0.4304464477418935,0.16461621560059772
1.3224344453339687,0.7492399539067571,0.2861692091422948
0.5597368240746714,3.3804204416821064,0.5156535047598664
3.5803237154794902,0.28278262929125836,-1.7829826866405316
0.714395924923292,0.6600648717762135,0.4289883214468415
2.174495889447757,0.29025082503378485,-0.4204056911918017
0.9272056526629132,1.7904219722774908,0.43704838719474054
1.2468899822435788,0.4579606093371471,0.21323169004740722
0.6763544092533618,1.6144741205454725,0.46409703969272886
1.2344635182081212,0.31245305115950733,-0.07201894286756194
1.0482487709344686,1.4304817437678672,0.2905614672439297
1.5612414562346506,0.7884987100498948,0.07892868204205417
0.5873348369703074,2.5303317035417376,0.361479901078808
1.9238016054743816,0.43240899486242557,-0.07318207840660018
0.7276929935716391,2.514661514072119,0.5750693363276952
0.5216005805775036,3.488203583622787,0.3160968183783782
0.4346483083377636,3.50429824387594,0.3595925187319492
1.08934287548828,0.3000706612077991,-0.03563086951113209
1.0235582781356007,1.554334549802303,0.4893160964787392
0.9816206893467637,3.807912406969826,0.453378020314953
2.261592120326205,0.42531529733593576,-0.4033056578767845
0.7442087392941265,0.8733484800717932,0.3453270906503305
0.43426150883184655,2.0256262439799397,0.25353538953314764
0.8778625429197588,0.7265073285211161,0.1812805835324974
0.8594676499375599,3.9483456251259503,0.5909086980036766
0.5251611488946797,3.640894659772991,0.3820599518223153
1.7252365009635882,0.4296004929321254,-0.12948737002989652
1.3404172696333307,0.84975168017461,0.2362540079501136
1.462919988964196,0.3535605321309952,-0.DEBUG: 0.392241741.4795323886946705,0.4340542528417971,-0.005793192376706946
1.1468223610390118,0.5949410932469308,0.25445487802484507
2.149656510878728,0.4556331104024531,-0.18632094666037036
0.6466545087730924,0.7422959146612561,0.2786364888556725
0.64873344889857,3.8670852124904322,0.7001584223282576
0.9390148188680482,2.304891073431819,0.4182992574529436
1.2817066406927913,0.45823280514374376,-0.08687959421254948
1.6636945001785308,1.3427158879699022,0.5675053066915674
0.8906348415016142,1.651931490643203,0.2449747670101969
0.7923569733570247,2.0146166469355955,0.44348101127616824
0.4818453967521761,2.3329235429421984,0.20200037511683858
0.47973571577078983,2.3629376622177016,0.5173155225788891
0.9456334335135539,1.6824193594034087,0.28150158175137663
0.9462699165814437,3.4973144693378995,0.6200771669542013
0.9441767457654741,2.1152539135514536,0.5806291289806202
0.4153739359957871,3.0540734444472393,0.3391261874091688
1.483474036875232,1.4128043372352146,0.4799220832127978
2.061262084833729,0.41279168324461285,-0.1877979231444964
0.8215633643493532,2.4898598489096613,0.5064773069013107
1.3765596616783644,1.6918945976723792,0.5750285101590398
3.265829204693363,0.35674091062954233,-1.3846557419011596
0.568787067129415,3.130223021785037,0.3464660816084319
1.2999088397329701,0.9111922224005099,0.11900006435444932
2.6709380840783417,0.3000025852630396,-0.8904186320838983
0.46724245908003564,2.431931833280286,0.3819991001107109
0.6813409275453544,3.427347513510316,0.599424319802131
1.0582356232734467,1.6882055784875662,0.46023791264182606
2.189100426094579,0.40791044104869756,-0.28808272928194334
0.7849450695096172,2.2198570196975624,0.45053193561630034
1.090834252641588,2.6521112262043647,0.7171279303796857
1.7703861419092584,0.8768313041274067,0.15815030360383375
2.213906639437814,0.51941676853276,-0.1443137771487526
1.1045224064210595,1.464761184453528,0.37020828281346413
1.077822000124151,1.0354413804582467,0.1757800501375692
1.2881536590482265,1.2715155673243441,0.4803258411714044
1.2553912819316237,1.4915855705465766,0.3377504070676519
0.8253803967463218,1.1563201997097132,0.47930248242010776
1.9670378178958556,0.9904221502396623,0.4173212527476947
1.7108525483048966,1.2908099003983742,0.24936668119860228
1.1215484019954272,2.6159924874851623,0.7142270859138455
0.9332619983278492,3.5304130392662567,0.7590725192816906
0.7903643489165665,2.1122301665073664,0.5042352708721659
1.8771652686106777,0.5916626313473544,0.10729230541304857
0.6786304158092112,2.8406455479634354,0.26489069023284434
0.7345454168341455,3.371894212110542,0.6427390985450924
2.3090138914834917,0.586974439831175,-0.03398683993574059
1.479133848483922,0.6218459292025018,0.22742103313927708
2.27667857421802,0.665291383997824,0.09813070778307642
1.6553725766864842,1.3958103884409625,0.596908982958362
1.3811096541146421,1.9858701629125384,0.5391018793028206
0.3204134525153767,3.900310591759473,0.3992305097031181
0.5735859901982341,2.333637131501183,0.4902469484673438
3.039788058920938,0.37246968457038165,-0.9479570277758227
3.7696797587741364,0.24628012570417104,-2.0336488111056044
0.5839404143994031,2.276691456924671,0.3774626688322535
0.6544355312336424,0.8247285869520927,0.13558338553370247
1.0183352625319266,0.8840366967677153,0.168480029932292
2.4077175214175637,0.273175215740906,-0.7244925744848353
2.3440560637222556,0.7154044776974792,0.12104163065537477
1.4700484905691666,1.3585766519793088,0.447196930609031
0.83889284272785,2.1442274272332216,0.40903307353154883
0.7833596216965819,2.365681882849689,0.27380258364112076
1.5441021157325747,0.9069456346660062,0.15625563394689668
0.26054259104864197,4.145317621971339,0.3603525478828308
1.2517430319335563,2.377864955393465,0.6547862276067935
1.7451170811693073,0.5235563939867991,-0.15126068037141116
1.4707173306205459,0.5640130698920505,-0.006123380550093316
1.1440305826980073,2.440622938733442,0.7611207996485279
1.3200759666869897,1.8527332458997043,0.5777925743806056
0.9806286878501975,1.8876126539247828,0.5442644084057449
1.1608601586496088,2.6217415547702787,0.5539293693059203
0.8044542785012689,3.4039406283412554,0.4792311569265323
0.4444531179858599,2.0999472794813316,0.27283851647325624
0.36488622396130443,1.9284523189502167,0.17734012027060878
0.4110385301211455,1.881508739490314,0.3487839260082414
0.620173790859864,3.821285463551144,0.5607372359961725
1.8003617579345843,0.6410104012195189,0.1933443165507731
0.929640035872349,2.580554392582434,0.538182620705054
1.2202815550479693,2.254836436443379,0.7213042864757337
0.40937991213654024,4.17542450473595,0.3905924428660623
1.2057705533621845,2.459583837211141,0.49271376618468854
1.0760648998751754,2.656322375559452,0.6376400440945034
0.44478550023749386,3.2272994410842766,0.3670831825778876
1.2735980950448957,1.8335392797466967,0.6283642531716909
1.201910289660854,2.5515594640374406,0.8139485434411075
0.9678905708991831,3.04757038962001,0.7086609472023228
2.2391102585642946,0.49722124785980176,-0.2645897260209765
0.31772955468458725,3.67985248117695,0.23741657803960237
0.9213579330485976,4.033325201181324,0.6528486679265224
1.0816794168466024,2.707604984966961,0.5268943365609792
0.7068658714173112,3.2817474540616813,0.36426656994934714
0.5708477011757283,2.212069858580734,0.2208913032141479
0.6050699217368919,2.8700206777868416,0.5216068322313667
1.4421203869701087,1.051470808587576,0.4901881908669811
2.690884587254437,0.3901580708131528,-0.9053288076296386
0.30360568183139885,2.728282138633325,0.330294472161965
1.4265753784323807,1.3640429930829265,0.3846781171359852
1.6345951648228292,1.2590061279874443,0.5741561163222442
0.6212421484506014,2.2139394886118207,0.42359222624083237
0.703298138135828,0.9893006866954591,0.3820517714183988
1.0955335992958488,0.46725397843027233,0.010504132302993963
0.9621412058327745,2.238288414193391,0.4854978021376708
2.8789626260865955,0.47397667204951394,-0.58326583994851
0.5000587949736773,1.3621818001402934,0.29418864976146136
1.140862675643247,2.894368626796052,0.6254434023108378
0.9423515701006603,1.502890138239851,0.4328356362550686
1.502273907965319,1.229331037267247,0.5380546254380163
0.7769637065442899,3.513143961117456,0.6894885552939257
0.6355501244347755,3.930419703051625,0.3431596694760851
0.45859057640291373,1.8346485579006728,0.265549052186807
1.010153642758187,3.7795912325551746,0.755845266597154
1.4159452608437826,1.8800536583370908,0.5495324337862747
2.0491134228276113,0.6248043947312908,-0.16843005867146488
0.4460600373822649,1.9720473373997194,0.48558240947265335
0.9062318198377161,1.6920371147402957,0.23704508683196104
0.9178825826966924,2.1862404615709345,0.5450737577237377
0.9400038978532935,0.919167101423564,0.36529857882287237
1.1709896767815446,2.9116364149749137,0.4710968380061327
1.024247852017915,1.9522146749085132,0.4917601452854835
0.5687603669767562,3.144654425671265,0.5461751719757184
0.7665176631602836,2.6526552913811576,0.36735450408133397
0.3642427637736485,4.191005252766722,0.22694724400173155
0.6767608818884713,3.501770204677335,0.4270514769817227
0.8353858535836327,3.262259792314355,0.36779231322220807
1.178090143507882,0.5848661178510054,0.13228295090476366
1.4886403683825573,1.4412657990777582,0.5480369697158638
1.7403255088530798,0.8110463259707403,0.01654340712026059
1.8914284346019492,0.8767067504473179,0.3317770155061397
0.8844123261620668,1.3282673130967222,0.18247038482651437
1.1908017798569204,1.8084869793294358,0.46022518343176
1.5324370500033029,0.8079920050393977,0.07904995334738907
2.40792114479144,0.5178019767024146,-0.28133984558164093
1.2634004927352276,1.2438800575180333,0.46326291504413974
1.2186767632527478,0.27244036425439644,0.08398697793703991
1.3222924150472106,0.2309251956009721,-0.14535671346115953
0.4621989664369397,2.999345437327001,0.22461492872065356
2.483831665990004,0.4552937972290439,-0.6348688904066224
0.6473144387228837,2.4142311994077303,0.5117065964140767
0.8406325951633092,0.6140167900507161,0.32713026214038754
1.7872831927097519,1.2124747132914437,0.3383675431086246
1.033629234483083,2.5025311376680865,0.3886895745644897
1.96704897033374,0.7111371390691126,0.11808333443701735
0.5988344080116473,2.627228978544DEBUG: 1.2057705533621840.4954724174628024,3.740227708927344,0.5314054189641382
0.8273104410331317,0.7708999418270928,0.1296246928784232
0.6975227159786715,3.81057336681159,0.5015921781403715
3.47154643011368,0.277438252791481,-1.543969621502485
1.0135619321741915,0.25697746573916397,0.23574854092788194
0.9154179198505654,2.355465395690539,0.5395512155374687
0.3379984808931389,2.710413774686758,0.33314784747002957
1.084028874629483,1.189203205594374,0.25512124020659965
0.4768017999261137,3.0753597595912052,0.5646136248022724
2.5141253326401563,0.6236808684208232,-0.03338847375005649
1.2280917282567327,1.9167780326880628,0.7426694080013578
2.0810618898502886,0.692871451897183,0.06638399750789947
0.40368701732235707,2.5910383794865717,0.2575389448379128
1.5724661955879422,1.3593640079705653,0.3936652460870602
0.640091224425206,2.1030644948682196,0.415439766965919
1.2654299319386833,1.9740158410259527,0.7407360821696799
1.0646642072298693,1.531550253924354,0.334303553879023
1.0813118349515412,0.9577249479432414,0.22071485238136462
1.54038813848699,0.9691143469737274,0.4578474342444361
0.6140313430321794,1.0027894154712853,0.49114158581413936
1.6911676087436172,1.172559326370743,0.26235276576907307
1.4011638932609218,1.2534826277028523,0.33495495025668964
1.0065003226401685,0.846561391464673,0.14927829383275976
0.4074150212063255,1.551863128309604,0.2873163451874773
2.4292717345785246,0.5889145536916547,-0.1445194772583298
0.5555330029235626,2.6042819615345136,0.3838842646985803
0.5922696356472239,1.515886678105636,0.5278214133355246
1.3572507924530244,0.5242797813337592,-0.10667424403696985
2.089887918269942,0.8548397581260824,0.27388882274627424
0.7968305215192847,1.3504407266108291,0.5020134499158085
0.37605318430203355,2.0812096135560223,0.29187373824891133
0.5378058320429927,1.3823778067546983,0.45786301345228464
0.8692448530487629,3.6265029319676523,0.6109077034543525
1.3752120286485237,1.0903778461147422,0.49416300179256145
1.2368458890136662,1.9422523742028817,0.7089642965329503
1.6103415602572995,1.1999105463674429,0.5011604435902203
1.3697535556134681,2.138166073150523,0.6458117790361662
1.23784004475671,1.828033042744072,0.5950204829461498
1.3431339666364366,1.6276578300711817,0.5542390973388903
1.9258897086544828,0.3140282627731742,-0.4836336521162056
1.2928291437504515,0.9688846104984745,0.08686110388924179
1.6212111095216104,1.0182550142836522,0.26597370642221163
0.9706385233498642,2.1832473961087486,0.6554038404060806
3.36330434173713,0.28748338982263255,-1.6867528935787
0.8961999046612745,0.5474330878013846,0.3925004578830309
0.8874893130410016,0.3984724492420343,0.20528468118371823
0.4218423180286901,1.7083382913897063,0.13284483351999937
0.3624835422563637,2.473487576658926,0.35376881773733326
1.2388817727954946,0.4408692450339679,0.20770231425398206
0.8234887623650621,2.2897379908225326,0.5536498903772822
1.084541398172173,0.535520018313719,0.29782192141134606
1.1132288203043645,2.4023955121654264,0.41625116026606057
1.0425439088882729,2.181762034430387,0.4753061365233657
0.48758092361573707,3.4009289459207457,0.5944091312073347
1.3131916102036139,0.33743035234273666,0.16467260448695464
0.4891195305924665,1.1985443597502945,0.21979188681474282
1.3820522653718772,1.1811518066216746,0.22870832656272516
1.8532865926910098,0.4104458420647481,-0.2281880045448319
1.1161510354165678,2.134763803594164,0.6277573800149144
1.675171212176728,0.773082584180727,0.36049977571021796
2.895459161644622,0.23757950634543043,-1.355127183724963
0.6235710104368551,3.4926729517864077,0.5695152199087532
1.3420139777199043,1.6167866786830336,0.48170137686843595
2.7993633741232395,0.4505671149457032,-0.5676786079658622
0.7310922754176655,1.586044441518454,0.42767403163442597
0.41189135451831965,4.039460983865115,0.2896857512793558
1.2308295353094179,1.5921746205095813,0.4694121104457744
1.7558505457208315,0.46637617338794907,-0.09788625835841214
1.593089489274636,0.47459389655391204,-0.0911494748520083
0.7170630432608929,0.7601961629631443,0.2679134641490195
0.7589800459799387,1.6946170339602404,0.5219125154156093
0.6182664708448404,3.0427164866839327,0.5869853520856579
0.30788699624699056,3.2842400945849666,0.216846839483373
0.8162961006172376,2.1321865433293605,0.3437810062567744
1.0237548539260162,2.2480827112414854,0.4687441877081569
0.6183967236851922,1.1051367117033257,0.5023348358151414
1.099474511742153,2.4476325619603014,0.4564468154022866
0.4295493247102761,1.4821780405053526,0.4661986770585248
0.41966681180159177,2.119111698026054,0.4604510155088761
2.447234490346123,0.6537454697247557,-0.10236792399207184
1.039429433349259,3.2271956854005763,0.7392034938219544
2.6255023293227526,0.3341228104065579,-0.687760956735543
0.7650723464215535,1.3317139647909135,0.458115481606647
0.49228799965121467,3.349577348581101,0.48512267302125456
2.0577161883611272,0.943447180358244,0.39996991229249756
1.7576175929392848,1.137648880783574,0.21272639813075322
0.8567335441611122,3.302676276114429,0.7457417598773922
1.118142060307014,2.9023084350252644,0.5698438158014517
0.9016479356866156,3.5539511998110953,0.4388335098734023
1.003611817267036,3.4550630654048984,0.6643715127977795
1.1395782572427584,2.34321790160285,0.43163765853576425
1.3745011740218958,0.3262006681472947,0.038008287241077965
2.1998941855230303,0.3111670154256039,-0.3409437226111236
2.528838127922902,0.276472106656513,-0.7253771226630539
0.9096618558449151,1.2944492553432885,0.4847312951946289
0.7107825534508084,2.796500563494018,0.5030728554589299
0.5319862868481272,3.0650916710426057,0.3215192825591118
0.8005513037928411,1.9762478749473438,0.47680014357504763
0.6991880536499788,2.7962212957232406,0.5782085019618762
1.676777125761165,0.5492802325680793,-0.1437280750740887
1.0323564583117537,1.882708608673112,0.5666486372214207
0.823233657085765,0.4320809717720797,0.39761354475900174
1.3118599825180814,0.7835103453253641,0.11118858912193269
0.9085118718623665,3.2236899394460568,0.5803063497713485
1.0923195580433442,1.2691289384245203,0.4241104168739119
2.4633160057202033,0.6114594065920134,-0.10294413533871549
0.5474234597131693,0.8633250960662536,0.4006497288724232
0.9933680467466585,0.633143068445896,0.0871467632120625
0.4295987567791811,1.4614615900178154,0.4683753000396963
1.2987182541298772,2.012666793572995,0.5269635437279632
2.917015690382183,0.2994936815327057,-0.9361191178537667
0.49881419042237973,3.837675425801029,0.5337545525848433
0.8765039801879031,3.946421087931394,0.626927449307193
0.9399828333155827,3.627189841808708,0.5964061379503227
2.324110320874634,0.4450334208564596,-0.5777888918797782
0.7324646016528558,2.8474331475428105,0.3395504404475935
1.2146989915979909,0.24464310486179858,0.18983773955233846
1.4221704508178041,0.25156471671695635,-0.17022180621920713
0.5286840602607266,3.8047438588353297,0.4795122245000231
0.8886953750876373,3.9114625633023943,0.7708069164474443
1.5071135290792654,1.3362707525352804,0.38037081126299865
1.3686498817374884,0.7463008667022273,0.2177342122328726
0.5107849952447504,2.4100881697348435,0.4471200214523773
1.6933705428741803,1.221210357002464,0.21818696032586515
0.8783404231999971,2.2765110595366522,0.3469991467895813
3.040613779325153,0.26391312378476334,-1.456181421677805
0.8887575823004369,2.2551941621963953,0.43521543376978356
1.5151292230755335,0.24909898341912626,-0.27987206892021027
0.7144397821709555,1.3219611119231527,0.274134296847008
0.47599935939334853,3.3836986562819664,0.4350126709558202
2.2959397852239705,0.6400962700116549,0.0008721366014732279
1.2045588972782844,2.0332421972447783,0.4330006070783583
0.5369380165759156,0.8998922151002421,0.33132625650737424
0.7205899006776364,3.959968331149098,0.6920572622054793
1.421798349694573,1.9541783787104938,0.6331019281401453
0.9006367030483288,3.7503367590445222,0.6382985592871705
1.1102339513288886,0.7428882207803841,0.15267298808634616
1.0563606095848366,2.7339142063216046,0.3827856805028257
1.0291932457992317,0.42646319723451115,0.226501045342326
0.8650907337793203,0.6114973058217136,0.1920049056246491
1.6313853312067041,1.3745870617002671,0.5870697221973704
1.4574533867574397,1.1701828223366,0.43008109762930324
0.9310126521128924,1.1943880806460276,0.21178337919688472
2.0024594616735047,0.9809550078772294,0.43887064612065974
2.140405474996223,0.7799603578926891,0.09929587983765908
0.36287693889334915,3.9646470253680413,0.4327361551064356
1.0590315481312582,1.6067974064398838,0.5270782270402152
0.49681666947618053,1.7342911499254252,0.5133420322297091
2.371289751805751,0.7119739315116477,0.17903071867885267
0.6632846656217418,3.5729170516354,0.5426853729841832
0.9114061986456968,2.073665395534549,0.5993488184934435
0.4648306507928354,1.191245982522319,0.22144431987935398
2.4450060142894077,0.6456248325799767,0.07633354103884393
1.4337163909336172,0.7737287407745203,0.029214650052154123
0.9603344494983019,2.374704297858959,0.6869184746737018
0.5350157659778879,3.054568997509577,0.358485133122149
1.1727305783957982,1.583871660474906,0.6268929961398547
0.6784322881191218,2.871617196469686,0.31230092974051105
0.7297833880247409,0.6490438590792299,0.4195393114401265
0.8739726494319269,0.6769979824650922,0.17280690079501554
1.5020757303666192,0.45348644927973963,0.20064019469208882
1.051755371000666,2.2654686588236386,0.42825673988130764
1.0552644945073233,2.0281227012028427,0.5860245591336435
0.8557684792511905,1.3711067567464634,0.4689983980876913
0.39853932836496253,2.320237585066234,0.38237725986512977
0.9182791708975643,1.400642152316669,0.5440674416678583
0.9101388523858469,2.1659263106129267,0.42640905077680197
0.5098760066607055,2.1598991156584955,0.21593670968713236
1.670656686290642,0.5915577035784246,-0.10965345371057
0.7581290952195958,2.7986760563516104,0.46252397414944774
0.6504083415777743,3.0926839386185754,0.5743153704302097
1.1918164470861745,1.3097841716236152,0.5293596253744348
1.7990093639264957,1.0893192595818675,0.2530774576766208
1.015333234187303,3.0497818712754654,0.5247025202617991
2.1764148736087283,0.21181356517796876,-0.4346887414958164
1.0812671022626408,2.2186809097130613,0.7012142735682059
2.2925052347390764,0.4608014159522724,-0.29469901789261876
0.5820593179978792,2.179472895999378,0.28722431735593656
0.3807187080162453,3.7032562078067106,0.4249818714066389
2.196341116804434,0.23549655643463777,-0.4707516845875914
0.9886926242150574,1.1465500631257788,0.4626435565406941
0.6421182309615222,3.1665619150456554,0.3741917101982435
0.3114869742040666,3.56994194526343,0.4430770946024239
1.257010553314864,1.835740472637295,0.5214462356897533
0.9853527031622812,2.6974721596888562,0.4140977492931038
1.5532548337822536,1.4934801575592924,0.5900488922073628
1.8496759441164794,0.6961516422543981,-0.10662558522821364
1.2382458957277231,1.0920827250113738,0.40027857628086555
2.615141894424671,0.3721272279045857,-0.7410721084835994
0.7925635015154929,2.9740695318079196,0.5304072951213128
0.5453972495792404,3.0678280510328535,0.5898309952975042
1.066528141510897,1.8659281361264404,0.42413987796210106
0.46060039174405065,3.4195228629676193,0.5644034474684866
1.278803195390021,1.2399306394106895,0.25679128037918136
1.570212004783154,0.30839528960813994,-0.08912197902391816
1.0332891013407,2.187081466253298,0.43105698192336633
1.0693740149357323,1.6878533125928663,0.2724733306868079
0.7896357112391247,3.0093279406731397,0.357254859753183
2.11492510915522,0.4182092877951249,-0.37263376606366916
1.2465105895550894,1.8247600451199868,0.5679177877177488
1.405050031189357,1.0974439414225599,0.3706280063929494
0.9084777813621322,1.6897399737278804,0.2571514089252677
0.5528505218306136,2.471019110818679,0.24907182138556583
2.347294745486997,0.5410664201216018,-0.22938829443222686
1.2384133298099824,1.5805611824287569,0.27905423004400154
0.7962024010704656,2.6913550690582313,0.6038406943668155
1.2153942911522557,1.4483547782750692,0.5369678580309426
1.113142387346674,2.5042279368001394,0.6317364343051842
3.1044072505593285,0.40863920389687824,-0.7645477513344567
2.2845290369923803,0.2594705454182854,-0.5814654894652722
0.834497054489087,3.067851737337605,0.6521111765948272
2.551902763427559,0.41703787328478137,-0.6957753833852531
1.2483950739923018,1.1998012313397424,0.5127963281080556
0.6670355317658986,1.9998797283716292,0.31616651703355797
1.3368020294656697,0.4466873285336314,0.012455980259267418
1.103134407551418,3.0907350556173547,0.6923784310395179
1.359010192006795,0.6068973798752568,0.13855153057712993
1.1826460925304492,1.6319381202927006,0.6523474872410602
0.4610918466141868,2.1681191881591184,0.4090049728111881
0.5644143884715096,1.7175333885681703,0.2887650755556487
0.8641662389285293,3.0021947243950686,0.3492438555350671
0.639459523004274,3.40161836170417,0.45479304266886866
1.8531876978674353,0.9662233838474139,0.2496777702857349
1.7820199153508829,0.2187765491885199,-0.11460793153337634
3.3216436770022866,0.357010314680443,-1.469163262782092
1.5768665718370223,0.745860848509975,0.2818129365968406
0.9912524117396541,3.6855949391635554,0.595896361444654
0.7369927335282961,1.1577554496450484,0.48526164884575973
0.846932800054702,0.3532895667839107,0.2320050448405414
0.5348361159834868,0.9650854014318564,0.16833807757203129
0.877112222769405,1.815880612065199,0.28777648064550576
0.5993423664780109,2.9404230575814485,0.5025649696003807
0.5297221929207293,2.5326145238619713,0.4956047693282002
0.4683606668595713,2.8449797432006343,0.358925651421862
0.9003075177602503,0.523762875772758,0.03193600854371306
1.853367613734677,0.8310508189687406,0.3276462501202613
0.771784233234755,1.169601933688613,0.3746628532308258
1.7510090762456594,0.6965348938598107,0.05424682850113283
0.7421296584227168,3.485495175594459,0.4369639535819918
0.8644630286139101,2.8978918839235255,0.46780403655823855
0.34295212649310297,3.506825489848762,0.2702670562067839
1.243024803324234,2.0505674752461855,0.5960850092434926
0.5819899141121861,1.3587617773929785,0.3085340633567369
0.8554267959851058,3.405668369729329,0.47966946406091976
0.8422990780631618,3.7425174623576467,0.5982118505956737
2.968411438498186,0.32110064528979976,-0.9944343069408799
1.8670609554933557,0.8821937140050776,0.2672631685672485
1.4363925394677122,1.8882894327913264,0.5260770645438526
0.4883441867875375,2.92299247890188,0.5682726253042218
1.595034420040712,1.0478187655500497,0.5055063045169865
1.483204176862941,1.051291474932978,0.23118524332423668
0.816781205766719,1.2901612576164898,0.45567047623180024
3.306194777620316,0.2811779116127868,-1.5575353394246112
1.066961610574567,2.2858883654317816,0.5687767662188156
2.234055605999733,0.37660322214224445,-0.2524928068258291
1.0832133195275067,1.1792318786417817,0.5157562363914966
1.406877842426673,1.863542434343064,0.6769602715091385
0.5035222021799776,2.3220384028496346,0.5657429754243155
1.03792710740858,2.4557661269536375,0.503128660145199
0.985051298097638,0.3224645501684193,-0.009263133059763007
0.8112644364256416,3.0573402638728777,0.524087234058415
0.8986691262526483,3.21364025220848,0.46435465996359426
0.9754171713583272,2.4427690015271697,0.4788557903048516
2.0082387151039316,0.4795942677588493,-0.35083840907314323
0.6842186353303558,2.0652343538786564,0.2691641483012545
1.1810626575606034,2.3372471549400893,0.5637238482713991
0.7495185273089672,3.196339180599582,0.40622355899882995
0.7282604107821833,2.2190585464199564,0.43661289917185037
0.761753096143962,0.4642449660312831,0.07571262795372727
0.7487366062403185,3.692769428413474,0.5094630058954368
0.6095776603948629,0.7943958865677613,0.46553332049866963
0.6600426101445096,3.1406896608593162,0.591687424369885
1.1049257617453578,1.5108991736028181,0.22134155987899634
0.3964815885212267,1.8434336667909677,0.3733036871566428
0.9587549500246303,0.9187520302835216,0.1897706988980259
1.9158143045098606,0.3094078553735281,-0.15447332368445932
0.7860351033956128,1.2300902707663535,0.189410946028907
2.2231724458902127,0.2833997314768425,-0.6266246135624436
0.4623577636679849,1.5955898043482346,0.4100754555372439
1.1350429612022133,0.6239279764127973,0.31694620260329925
0.4450698463507044,2.186545576449968,0.16310151451252347
2.2750848133898987,0.4823026345988533,-0.35377841962980794
0.4094441373185486,3.1629362142928836,0.5749488450940107
0.834575007520607,3.633013507038581,0.6142691960931199
1.253018010188031,1.9850845295448776,0.5459574373793781
0.7759274465109085,3.3386316699764245,0.56010012275336DEB1.130667110884011,2.267575404301127,0.5992455586977016
0.3995426888332466,3.5050489283929354,0.303506950466935
0.9972936184718154,1.7974994621481895,0.6139186417277687
0.8955856953940221,3.2415778842876004,0.5014325208272274
0.9640482933969068,1.2329803697018096,0.3907571907461487
0.6020099808779116,1.8762452095719377,0.1848641138475734
1.047841979466794,1.1995572103615029,0.3195219730997009
2.360774950814972,0.5932021063078291,-0.04584170122006426
1.5158710887554334,1.4831446249130176,0.41826468308704273
2.1372422658593258,0.4053910572864415,-0.26053636088618815
0.4228393785731378,1.6989410374438623,0.5204442914947326
0.3933611064951694,3.3186945227101616,0.3961380714796098
0.7435108257989449,2.6513315183747226,0.596971875528106
1.2557685545320239,0.4375134407156783,0.017514897956464603
0.5034748813688232,2.297623578159404,0.41385898948021616
0.35224497430058765,2.1073584314210336,0.3469012790864027
1.4019604326497253,1.5712230310866577,0.4273037586316645
0.673455461109083,3.6367066872981275,0.5370262246640322
0.6007279411123119,1.0671899452801283,0.28327373811952716
0.9620785499461412,2.3796973767686858,0.39664786738459296
1.045746733785795,3.185940410035935,0.4539538199410026
0.5326753989802838,2.9502370122220976,0.5736569261090684
0.8118745377745312,2.842243523953369,0.3569973457635387
1.1162944934311887,2.8125876762130466,0.8200884696980535
1.8351788913025844,1.1793547125495496,0.35449858974068804
0.8087543656377283,3.296624256600705,0.3736454591626722
2.1209886945654195,0.6654842685230135,-0.008754942022299539
1.6654726695903654,0.6978786842640788,-0.01376879800919939
0.9713073162570819,1.9123244491260742,0.6282769810786623
0.6774687165172528,3.108859808538545,0.4767236597455708
0.7648009175433872,4.002193997671952,0.4632777246186449
1.122502202569692,0.7505913801827253,0.2890984890831327
0.6348709889803825,2.683327458273942,0.3161072546190959
0.6873027236891666,1.8372617335676569,0.5780836663613311
0.5481844245891359,3.795377870797688,0.5084984364223568
0.7638885284353905,2.861886828053429,0.3569358847073883
1.5619947957056841,0.7196621097790673,0.19169612275892367
1.2968482732644584,0.8688846352239216,0.14528506160429472
0.48348043154355724,2.7906140650823907,0.5167774295138197
0.7263925192825034,1.099888514548367,0.3108300411310926
1.132373712527826,1.686571801660311,0.6426019533741356
1.890261156370225,0.3101325193398269,-0.16978963967485694
0.735563720050959,3.320374522006064,0.3908542466637152
0.9011874166783851,1.1955241642812715,0.19380334040639824
0.7298602583031916,1.3732030140143845,0.14635630789742948
1.5855188840543686,1.3251160653912597,0.5991678992223963
0.7246568950483884,0.506538614789917,0.07842899799596526
0.9560329837776191,2.561794436563645,0.3622662158155143
0.8124360084656265,1.9538770774279541,0.44472724610896325
0.739991069963062,3.25079064683618,0.711376501669753
1.1355450061464276,2.8517485427180405,0.688582414494977
2.2050000225790627,0.6036116563146747,-0.10127340886506819
0.8305979192943432,1.4976503639083887,0.3156947215325357
0.4273190510211805,2.6369326061250424,0.3566984580087134
0.4484923981316557,1.5538714437115602,0.4903437838170135
0.772684557139381,3.589974201580246,0.5857305326362946
0.4356060057919979,2.816201581838862,0.5185552894462243
0.7172714872111305,1.7063341702224648,0.294327794545574
0.7596219535919841,1.5814003756050337,0.4285722767515188
2.1024775699734355,0.751647105275054,0.007215346039546433
0.7103845531386288,1.4687417066539499,0.3821922994887113
0.9943657197747451,1.0742291028557633,0.2714980863099857
1.1433555735232754,2.8753717848452935,0.6296072152614867
0.3471735015368028,3.52124158373102,0.4570661542854346
0.4782596394344557,1.7146844182573242,0.37839945642440276
0.6753739764937868,2.027313252433618,0.41868461096852616
1.5923602520038453,0.5321018653416861,-0.02564374180985851
1.3729599872937779,0.3426838080009806,-0.14797428895163317
0.6516784926528962,1.0555845651227906,0.42666525257032417
1.4719151500716663,1.7920318439455607,0.6347489534695571
2.7511029657873767,0.441780219126084,-0.6637689216001752
1.1382626725447447,0.44596639490244194,0.20373353325115973
1.9664133628342366,0.35211176212976747,-0.20359237927411922
1.6854141335081334,0.3588339432295281,-0.3018274006995127
0.4025167692321715,1.5707478486812785,0.30514005419996687
0.8465039245456669,2.8812094796651846,0.5631076933805101
0.7017473611709352,0.5157109397334658,0.35747419828259197
0.6029656848106308,1.8755182581269056,0.1753887039755746
0.7245191057749129,3.731842895588344,0.55603264903529
1.001296624930891,3.051092727813067,0.6090406722499543
0.7608795424006769,1.0012436158876337,0.32421645502591756
1.492957042426064,1.0282219640537547,0.3494219916525184
1.7181357187203963,1.0433603837431409,0.41182105186982954
0.9318200964148862,1.342701823303482,0.4575790984846073
1.244288282618778,1.2268405622568477,0.45288714381836565
0.3338643537764449,3.1212498521165153,0.5197868481904885
2.919951924563701,0.3776145383579372,-1.0802728467908467
1.317047909166354,1.7849219801186869,0.6221152075954481
0.8623046081911131,0.9496491735933449,0.40833662169774665
1.1174387554499916,0.41065923378185565,0.1851731668783343
0.6507144441036273,3.113500917510526,0.4378000215578977
1.3414070070813917,0.8299741920100682,0.11505653785582376
1.3151785004267964,1.809253652616434,0.5798723657408413
1.7416703207103545,1.3025906879971767,0.41673825514004315
1.2946578211956068,1.6613420629706164,0.3335828577472559
0.594133502140682,2.766081628671667,0.4137881063153951
0.8782915963239198,3.017018160361796,0.5528580248847552
0.4530332014053457,2.855342717490636,0.4990022877921528
0.7603439460956877,1.48019793474184,0.482007089217095
0.7662330655754855,2.24344287942541,0.6169462797337202
0.42709600115750634,1.7945348391980531,0.19876727949189305
1.7239501589829647,1.1001159732775843,0.2938037408350853
0.9233233640000551,0.7743518748850639,0.21480784794887736
2.089246743018634,0.44791145328647625,-0.19589394669500504
1.2998389711084284,0.40614968917481953,-0.13112358738980995
0.8144144042232536,0.84190125478531,0.4031963235491219
0.6668653449906782,3.51108695414861,0.5258303742656997
0.9657426143520442,1.0656508838995513,0.42719329919347526
1.0482940667889513,0.6337997315783255,0.3176562966742566
3.431031324094406,0.27962196358689617,-1.4913121721403864
0.4452334101351485,2.4764904720128667,0.3246635271221474
1.193519221636125,2.458244610379237,0.4574963838390209
0.9100114544934298,0.4421274917344857,0.27662603668339564
1.0342020729354082,2.713217356869636,0.769485716045621
0.3157175287274475,2.832184131109801,0.3745173774618542
0.9770227741356767,1.8601080555671954,0.2871727338164926
0.8936908836883162,0.6389530277941218,0.041154852735613145
2.007923605012562,1.0065877311072096,0.10930267044943764
1.4676460848424295,1.5764256472152338,0.4297195987164503
0.9442887109653066,0.6941789255346115,0.31028966820822734
1.0310286400229685,3.7871442152550903,0.8071107167055901
0.8199623344964648,2.9539635938226203,0.4271123762891022
0.748707960875506,2.2985477164051242,0.3281755189919795
0.8154790674642173,0.4488560736236854,0.2643222041766316
1.1173423567746739,3.1033837577344254,0.5064772350601882
0.9567514258090447,3.8399403024305725,0.5158128171535629
1.340792621645931,1.5650630355753754,0.5645719641103693
1.745465509534115,0.9585895407706752,0.3677220875136118
1.2255189698354911,2.665136026646622,0.6020180420103638
2.583434577584718,0.3293568387562207,-0.9431143301420519
1.3784566852398497,1.0566317060607082,0.21094060125961478
0.8773240880343252,1.5553672161501912,0.46833305934644703
0.8882710748120816,3.5777972743515023,0.7816504312241264
0.5725840834425384,1.12931390100358,0.2824795485307446
2.0976382775283002,0.3859036046948631,-0.1743052811713236
0.9697402678830278,3.420276696450073,0.7498310846130869
0.7264505528967644,1.018677660494234,0.36676344756358104
1.0814942009091875,2.7521884872711397,0.7946182475761534
0.7771900978434347,2.155283997458731,0.24751551677739925
0.6469870454395468,1.6652440582535493,0.23018423783007602
1.1072136335544194,1.436897042474978,0.276758324696028
0.8992922789981423,0.407023101268113,-0.01134672260031569
27458273942,0.3161072546190959
DEBUG: 0.6873027236891666,1.8372617335676569,0.5780836663613311
DEBUG: 0.5481844245891359,3.795377870797688,0.5084984364223568
DEBUG: 0.7638885284353905,2.861886828053429,0.3569358847073883
DEBUG: 1.5619947957056841,0.7196621097790673,0.19169612275892367
DEBUG: 1.2968482732644584,0.8688846352239216,0.14528506160429472
DEBUG: 0.48348043154355724,2.7906140650823907,0.5167774295138197
DEBUG: 0.7263925192825034,1.099888514548367,0.3108300411310926
DEBUG: 1.132373712527826,1.686571801660311,0.6426019533741356
DEBUG: 1.890261156370225,0.3101325193398269,-0.16978963967485694
DEBUG: 0.735563720050959,3.320374522006064,0.3908542466637152
DEBUG: 0.9011874166783851,1.1955241642812715,0.19380334040639824
DEBUG: 0.7298602583031916,1.3732030140143845,0.14635630789742948
DEBUG: 1.5855188840543686,1.3251160653912597,0.5991678992223963
DEBUG: 0.7246568950483884,0.506538614789917,0.07842899799596526
DEBUG: 0.9560329837776191,2.561794436563645,0.3622662158155143
DEBUG: 0.8124360084656265,1.9538770774279541,0.44472724610896325
DEBUG: 0.739991069963062,3.25079064683618,0.711376501669753
DEBUG: 1.1355450061464276,2.8517485427180405,0.688582414494977
DEBUG: 2.2050000225790627,0.6036116563146747,-0.10127340886506819
DEBUG: 0.8305979192943432,1.4976503639083887,0.3156947215325357
DEBUG: 0.4273190510211805,2.6369326061250424,0.3566984580087134
DEBUG: 0.4484923981316557,1.5538714437115602,0.4903437838170135
DEBUG: 0.772684557139381,3.589974201580246,0.5857305326362946
DEBUG: 0.4356060057919979,2.816201581838862,0.5185552894462243
DEBUG: 0.7172714872111305,1.7063341702224648,0.294327794545574
DEBUG: 0.7596219535919841,1.5814003756050337,0.4285722767515188
DEBUG: 2.1024775699734355,0.751647105275054,0.007215346039546433
DEBUG: 0.7103845531386288,1.4687417066539499,0.3821922994887113
DEBUG: 0.9943657197747451,1.0742291028557633,0.2714980863099857
DEBUG: 1.1433555735232754,2.8753717848452935,0.6296072152614867
DEBUG: 0.3471735015368028,3.52124158373102,0.4570661542854346
DEBUG: 0.4782596394344557,1.7146844182573242,0.37839945642440276
DEBUG: 0.6753739764937868,2.027313252433618,0.41868461096852616
DEBUG: 1.5923602520038453,0.5321018653416861,-0.02564374180985851
DEBUG: 1.3729599872937779,0.3426838080009806,-0.14797428895163317
DEBUG: 0.6516784926528962,1.0555845651227906,0.42666525257032417
DEBUG: 1.4719151500716663,1.7920318439455607,0.6347489534695571
DEBUG: 2.7511029657873767,0.441780219126084,-0.6637689216001752
DEBUG: 1.1382626725447447,0.44596639490244194,0.20373353325115973
DEBUG: 1.9664133628342366,0.35211176212976747,-0.20359237927411922
DEBUG: 1.6854141335081334,0.3588339432295281,-0.3018274006995127
DEBUG: 0.4025167692321715,1.5707478486812785,0.30514005419996687
DEBUG: 0.8465039245456669,2.8812094796651846,0.5631076933805101
DEBUG: 0.7017473611709352,0.5157109397334658,0.35747419828259197
DEBUG: 0.6029656848106308,1.8755182581269056,0.1753887039755746
DEBUG: 0.7245191057749129,3.731842895588344,0.55603264903529
DEBUG: 1.001296624930891,3.051092727813067,0.6090406722499543
DEBUG: 0.7608795424006769,1.0012436158876337,0.32421645502591756
DEBUG: 1.492957042426064,1.0282219640537547,0.3494219916525184
DEBUG: 1.7181357187203963,1.0433603837431409,0.41182105186982954
DEBUG: 0.9318200964148862,1.342701823303482,0.4575790984846073
DEBUG: 1.244288282618778,1.2268405622568477,0.45288714381836565
DEBUG: 0.3338643537764449,3.1212498521165153,0.5197868481904885
DEBUG: 2.919951924563701,0.3776145383579372,-1.0802728467908467
DEBUG: 1.317047909166354,1.7849219801186869,0.6221152075954481
DEBUG: 0.8623046081911131,0.9496491735933449,0.40833662169774665
DEBUG: 1.1174387554499916,0.41065923378185565,0.1851731668783343
DEBUG: 0.6507144441036273,3.113500917510526,0.4378000215578977
DEBUG: 1.3414070070813917,0.8299741920100682,0.11505653785582376
DEBUG: 1.3151785004267964,1.809253652616434,0.5798723657408413
DEBUG: 1.7416703207103545,1.3025906879971767,0.41673825514004315
DEBUG: 1.2946578211956068,1.6613420629706164,0.3335828577472559
DEBUG: 0.594133502140682,2.766081628671667,0.4137881063153951
DEBUG: 0.8782915963239198,3.017018160361796,0.5528580248847552
DEBUG: 0.4530332014053457,2.855342717490636,0.4990022877921528
DEBUG: 0.7603439460956877,1.48019793474184,0.482007089217095
DEBUG: 0.7662330655754855,2.24344287942541,0.6169462797337202
DEBUG: 0.42709600115750634,1.7945348391980531,0.19876727949189305
DEBUG: 1.7239501589829647,1.1001159732775843,0.2938037408350853
DEBUG: 0.9233233640000551,0.7743518748850639,0.21480784794887736
DEBUG: 2.089246743018634,0.44791145328647625,-0.19589394669500504
DEBUG: 1.2998389711084284,0.40614968917481953,-0.13112358738980995
DEBUG: 0.8144144042232536,0.84190125478531,0.4031963235491219
DEBUG: 0.6668653449906782,3.51108695414861,0.5258303742656997
DEBUG: 0.9657426143520442,1.0656508838995513,0.42719329919347526
DEBUG: 1.0482940667889513,0.6337997315783255,0.3176562966742566
DEBUG: 3.431031324094406,0.27962196358689617,-1.4913121721403864
DEBUG: 0.4452334101351485,2.4764904720128667,0.3246635271221474
DEBUG: 1.193519221636125,2.458244610379237,0.4574963838390209
DEBUG: 0.9100114544934298,0.4421274917344857,0.27662603668339564
DEBUG: 1.0342020729354082,2.713217356869636,0.769485716045621
DEBUG: 0.3157175287274475,2.832184131109801,0.3745173774618542
DEBUG: 0.9770227741356767,1.8601080555671954,0.2871727338164926
DEBUG: 0.8936908836883162,0.6389530277941218,0.041154852735613145
DEBUG: 2.007923605012562,1.0065877311072096,0.10930267044943764
DEBUG: 1.4676460848424295,1.5764256472152338,0.4297195987164503
DEBUG: 0.9442887109653066,0.6941789255346115,0.31028966820822734
DEBUG: 1.0310286400229685,3.7871442152550903,0.8071107167055901
DEBUG: 0.8199623344964648,2.9539635938226203,0.4271123762891022
DEBUG: 0.748707960875506,2.2985477164051242,0.3281755189919795
DEBUG: 0.8154790674642173,0.4488560736236854,0.2643222041766316
DEBUG: 1.1173423567746739,3.1033837577344254,0.5064772350601882
DEBUG: 0.9567514258090447,3.8399403024305725,0.5158128171535629
DEBUG: 1.340792621645931,1.5650630355753754,0.5645719641103693
DEBUG: 1.745465509534115,0.9585895407706752,0.3677220875136118
DEBUG: 1.2255189698354911,2.665136026646622,0.6020180420103638
DEBUG: 2.583434577584718,0.3293568387562207,-0.9431143301420519
DEBUG: 1.3784566852398497,1.0566317060607082,0.21094060125961478
DEBUG: 0.8773240880343252,1.5553672161501912,0.46833305934644703
DEBUG: 0.8882710748120816,3.5777972743515023,0.7816504312241264
DEBUG: 0.5725840834425384,1.12931390100358,0.2824795485307446
DEBUG: 2.0976382775283002,0.3859036046948631,-0.1743052811713236
DEBUG: 0.9697402678830278,3.420276696450073,0.7498310846130869
DEBUG: 0.7264505528967644,1.018677660494234,0.36676344756358104
DEBUG: 1.0814942009091875,2.7521884872711397,0.7946182475761534
DEBUG: 0.7771900978434347,2.155283997458731,0.24751551677739925
DEBUG: 0.6469870454395468,1.6652440582535493,0.23018423783007602
DEBUG: 1.1072136335544194,1.436897042474978,0.276758324696028
DEBUG: 0.8992922789981423,0.407023101268113,-0.01134672260031569
